0.000000
0.000000
0.000000
0.000000
0.000000
0.000000
0.000000
0.000000
0.000000
0.000000
0.000000
0.000000
0.000000
0.000000
0.000000
0.000000
0.000000
0.000000
0.000000
0.000000
0.358200
0.697200
0.993400
1.221200
0.904900
-0.354800
-0.685400
-0.971200
-1.191800
-1.335100
0.693400
1.356100
1.947400
2.428600
-0.685300
2.728900
-1.328400
-1.894600
-2.348900
-2.656800
1.016800
2.009700
2.911700
3.651300
4.087500
-1.000100
-1.950200
-3.532500
-2.809200
-4.060000
1.341900
2.679700
3.922700
4.987900
4.225300
-1.306500
-2.568500
-3.753400
-4.789500
-5.579800
1.679000
3.399900
5.044300
6.419600
7.160100
-1.610000
-3.216100
-4.790300
-6.181700
-6.821300
2.056300
4.227500
6.307300
7.417500
-1.933300
8.273100
-3.970000
-6.006800
-7.850500
-6.843500
2.525100
5.225200
7.803300
7.386400
8.238400
-2.364800
-4.909800
-7.600500
-9.343500
3.180900
6.546700
7.414800
8.894900
8.270100
-3.046100
-6.292800
-9.590300
7.714500
4.073800
8.895000
7.409700
8.264400
-4.017100
-8.043300
0.000000
-1.500000
-0.123800
2.379600
1.158500
3.572100
4.758900
6.035000
7.648500
10.134400
13.759300
-1.500000
-1.500000
-1.500000
-1.500000
-1.500000
-1.500000
-1.500000
-1.500000
-1.500000
-1.500000
-0.163100
-0.292300
-0.506500
-0.794900
-1.257500
-0.175700
-0.312700
-0.528700
-0.811900
-1.142200
1.088000
0.848900
0.447400
-0.097700
1.057900
-0.768700
0.800800
0.394600
-0.143800
-0.788000
2.295000
1.980900
1.411700
0.608000
-0.404700
2.232500
1.877800
0.539400
1.309200
-0.412100
3.508300
3.141400
2.422700
1.379800
-0.367800
3.376200
2.948800
2.253400
1.265200
-0.004800
4.766100
4.388900
3.544300
2.206300
0.418500
4.508900
4.070400
3.290300
2.069000
0.327700
6.174200
5.822200
4.807300
2.782500
5.715400
0.716700
5.376200
4.506800
3.032500
0.333700
7.924000
7.550400
6.303300
2.764500
0.707400
7.325700
7.004000
6.100500
3.894400
10.371300
9.839300
2.780900
7.394900
0.715900
9.868400
9.399600
8.090300
11.861900
13.703800
7.395000
2.777900
0.714400
13.492100
12.431400
0.000000
0.070000
0.320000
1.570700
0.972500
2.114300
2.627500
2.998900
2.984500
2.184500
0.790600
0.080000
6.340000
7.140000
6.970000
6.540000
0.050000
-0.080000
-0.080000
-0.060000
0.020000
0.230400
0.110800
-0.008600
-0.068400
5.340900
0.379800
0.379800
0.349900
0.320000
0.250300
0.854400
0.667300
0.430900
0.145300
1.031600
0.027100
0.982400
0.854400
0.667300
0.450600
1.387200
1.049100
0.682100
0.315000
0.257100
1.628700
1.493400
0.827000
1.223000
0.363300
1.804200
1.325000
0.808100
0.225500
4.031300
2.180100
1.935800
1.465900
0.855100
0.178500
2.138100
1.467500
0.751500
0.153300
0.153300
2.709100
2.255900
1.521800
0.742400
0.905500
2.288800
1.405500
0.600100
1.214900
3.111500
1.214900
2.297500
1.336200
0.348900
3.778400
2.116200
1.125000
0.289500
3.869200
3.869200
3.000900
2.026100
0.699000
0.641700
1.403200
0.445600
5.846200
1.058500
5.846200
2.023700
1.050800
-0.113500
0.620900
0.309800
3.470500
7.494000
7.494000
0.529000
-0.036600
0.000000
