1 176 1
2 178 2
3 177 4
4 178 5
5 176 6
6 180 8
7 180 9
8 180 10
9 181 12
10 181 13
11 182 14
12 181 16
13 183 17
14 183 18
15 184 20
16 185 21
17 186 22
18 187 24
19 188 25
20 189 27
21 190 28
22 191 29
23 192 31
24 194 32
25 195 33
26 197 35
27 198 36
28 200 37
29 202 39
30 203 40
31 205 41
32 207 43
33 209 44
34 211 45
35 214 47
36 216 48
37 219 50
38 222 51
39 225 52
40 228 54
41 231 55
42 234 56
43 238 58
44 242 59
45 245 60
46 249 62
47 253 63
48 258 64
49 263 66
50 267 67
51 273 68
52 278 70
53 284 71
54 290 72
55 297 74
56 304 75
57 312 77
58 321 78
59 328 79
60 337 81
61 345 82
62 357 83
63 367 85
64 380 86
65 392 87
66 406 89
67 420 90
68 435 91
69 454 93
70 472 94
71 493 95
72 514 97
73 543 98
