0 176 0
1 176 1
2 176 2
3 176 4
4 176 5
5 156 6
6 158 8
7 162 9
8 176 10
9 176 12
10 176 13
11 177 14
12 177 16
13 178 17
14 174 18
15 173 20
16 175 21
17 183 22
18 183 24
19 173 25
20 185 26
21 186 28
22 187 29
23 188 30
24 189 32
25 191 33
26 193 34
27 194 36
28 195 37
29 198 38
30 199 40
31 201 41
32 203 42
33 205 44
34 207 45
35 210 46
36 212 48
37 215 49
38 218 50
39 220 52
40 224 53
41 226 54
42 230 56
43 233 57
44 237 58
45 240 60
46 244 61
47 249 62
48 249 64
49 257 65
50 262 66
51 268 68
52 273 69
53 280 70
54 285 72
55 292 73
56 298 74
57 305 76
58 312 77
59 321 78
60 329 80
61 340 81
62 351 82
63 360 84
64 371 85
65 382 86
66 398 88
67 411 89
68 427 90
69 446 92
70 455 93
71 478 94
72 504 96
73 922 97
74 546 98