0 176 0
1 177 1
2 178 2
3 177 4
4 178 5
5 177 6
6 178 8
7 179 9
8 179 10
9 179 12
10 166 13
11 162 14
12 182 16
13 183 17
14 184 18
15 184 20
16 185 21
17 186 22
18 187 24
19 188 25
20 189 26
21 190 28
22 191 29
23 193 30
24 194 32
25 195 33
26 197 34
27 198 36
28 200 37
29 202 38
30 204 40
31 206 41
32 208 42
33 210 44
34 212 45
35 214 46
36 217 48
37 220 49
38 222 50
39 225 52
40 228 53
41 231 54
42 235 56
43 238 57
44 242 58
45 246 60
46 250 61
47 254 62
48 259 64
49 264 65
50 269 66
51 274 68
52 279 69
53 286 70
54 291 72
55 298 73
56 305 74
57 313 76
58 321 77
59 328 78
60 324 80
61 312 81
62 312 82
63 313 84
64 331 85
65 325 86
66 323 88
67 407 89
68 408 90
69 457 92
70 475 93
71 497 94
72 519 96
73 546 97
74 572 98
