0 1209 0
1 1222 2
2 1232 4
3 1243 6
4 1253 8
5 1264 10
6 1275 12
7 1282 14
8 1279 17
9 1272 19
10 1266 21
11 1262 23
12 1258 25
13 1256 27
14 1253 29
15 1251 31
16 1249 34
17 1248 36
18 1247 38
19 1247 40
20 1248 42
21 1251 44
22 1255 46
23 1263 48
24 1271 51
25 1283 53
26 1297 55
27 1309 57
28 1322 59
29 1341 61
30 1368 63
31 1368 65
32 1425 68
33 1425 70
34 1425 72
35 1425 74
36 1425 76
37 1615 78
38 1263 80
39 1263 82
40 1263 85
41 1263 87
42 1263 89
43 1817 91
44 1762 93
45 1706 95
46 1326 97
47 1326 100
