0 177 0
1 178 1
2 177 2
3 178 4
4 175 5
5 177 6
6 178 8
7 179 9
8 179 10
9 164 12
10 176 13
11 182 14
12 183 16
13 183 17
14 184 18
15 185 20
16 186 21
17 187 22
18 188 24
19 189 25
20 190 27
21 191 28
22 192 29
23 194 31
24 195 32
25 194 33
26 198 35
27 199 36
28 201 37
29 199 39
30 205 40
31 207 41
32 209 43
33 211 44
34 214 45
35 216 47
36 219 48
37 221 50
38 225 51
39 228 52
40 231 54
41 234 55
42 237 56
43 241 58
44 245 59
45 249 60
46 253 62
47 258 63
48 262 64
49 268 66
50 273 67
51 278 68
52 285 70
53 287 71
54 294 72
55 301 74
56 309 75
57 319 77
58 329 78
59 328 79
60 347 81
61 357 82
62 367 83
63 370 85
64 389 86
65 384 87
66 406 89
67 410 90
68 441 91
69 472 93
70 491 94
71 516 95
72 541 97
73 566 98