0 179 0
1 179 1
2 179 2
3 179 4
4 179 5
5 179 6
6 180 8
7 180 9
8 180 10
9 181 12
10 181 13
11 182 14
12 183 16
13 183 17
14 183 18
15 185 20
16 185 21
17 186 22
18 187 24
19 188 25
20 190 27
21 191 28
22 192 29
23 193 31
24 194 32
25 196 33
26 197 35
27 199 36
28 201 37
29 203 39
30 205 40
31 206 41
32 208 43
33 211 44
34 213 45
35 215 47
36 218 48
37 221 50
38 224 51
39 226 52
40 230 54
41 233 55
42 236 56
43 240 58
44 244 59
45 248 60
46 251 62
47 256 63
48 261 64
49 266 66
50 271 67
51 277 68
52 282 70
53 288 71
54 295 72
55 301 74
56 309 75
57 315 77
58 326 78
59 333 79
60 343 81
61 353 82
62 363 83
63 375 85
64 386 86
65 401 87
66 414 89
67 429 90
68 445 91
69 466 93
70 484 94
71 506 95
72 532 97
73 557 98
