0 177 0
1 177 1
2 177 2
3 177 4
4 178 5
5 178 6
6 178 8
7 178 9
8 178 10
9 179 12
10 180 13
11 180 15
12 181 16
13 181 17
14 181 19
15 182 20
16 184 21
17 184 23
18 185 24
19 185 26
20 187 27
21 188 28
22 190 30
23 191 31
24 192 32
25 193 34
26 195 35
27 196 36
28 198 38
29 200 39
30 203 41
31 203 42
32 205 43
33 208 45
34 210 46
35 213 47
36 215 49
37 219 50
38 221 52
39 224 53
40 228 54
41 230 56
42 235 57
43 236 58
44 242 60
45 244 61
46 249 63
47 253 64
48 257 65
49 263 67
50 267 68
51 273 69
52 278 71
53 285 72
54 292 73
55 298 75
56 305 76
57 314 78
58 321 79
59 330 80
60 338 82
61 349 83
62 360 84
63 371 86
64 382 87
65 396 89
66 411 90
67 424 91
68 441 93
69 459 94
70 481 95
71 502 97
72 524 98
73 551 100
