0 172 0
1 172 1
2 172 2
3 171 4
4 171 5
5 171 6
6 171 8
7 171 9
8 172 10
9 172 12
10 173 13
11 173 14
12 173 16
13 174 17
14 174 18
15 175 20
16 176 21
17 176 22
18 177 24
19 178 25
20 179 26
21 180 28
22 181 29
23 182 30
24 183 32
25 184 33
26 185 34
27 187 36
28 188 37
29 190 38
30 191 40
31 193 41
32 195 42
33 196 44
34 198 45
35 200 46
36 202 48
37 204 49
38 207 50
39 209 52
40 211 53
41 214 54
42 217 56
43 220 57
44 223 58
45 227 60
46 230 61
47 233 62
48 238 64
49 242 65
50 246 66
51 250 68
52 255 69
53 260 70
54 265 72
55 270 73
56 276 74
57 282 76
58 288 77
59 296 78
60 303 80
61 311 81
62 319 82
63 328 84
64 338 85
65 347 86
66 358 88
67 370 89
68 383 90
69 395 92
70 410 93
71 426 94
72 443 96
73 460 97
74 482 98
