0 171 0
1 171 1
2 171 2
3 171 4
4 171 5
5 171 6
6 171 8
7 171 9
8 171 10
9 172 12
10 172 13
11 172 14
12 173 16
13 170 17
14 174 18
15 174 20
16 175 21
17 175 22
18 176 24
19 177 25
20 177 26
21 178 28
22 179 29
23 180 30
24 181 32
25 182 33
26 183 34
27 184 36
28 186 37
29 187 38
30 188 40
31 190 41
32 191 42
33 193 44
34 195 45
35 196 46
36 198 48
37 200 49
38 202 50
39 204 52
40 206 53
41 208 54
42 211 56
43 213 57
44 216 58
45 219 60
46 222 61
47 224 62
48 228 64
49 231 65
50 235 66
51 238 68
52 242 69
53 247 70
54 251 72
55 255 73
56 260 74
57 266 76
58 270 77
59 277 78
60 282 80
61 290 81
62 296 82
63 304 84
64 312 85
65 320 86
66 329 88
67 338 89
68 349 90
69 359 92
70 372 93
71 384 94
72 398 96
73 410 97
74 428 98
