0 172 0
1 172 1
2 172 2
3 172 4
4 172 5
5 172 6
6 172 8
7 172 9
8 172 10
9 172 12
10 173 13
11 173 14
12 172 16
13 174 17
14 175 18
15 175 20
16 176 21
17 176 22
18 177 24
19 178 25
20 179 26
21 180 28
22 181 29
23 182 30
24 183 32
25 184 33
26 186 34
27 187 36
28 189 37
29 190 38
30 192 40
31 193 41
32 195 42
33 197 44
34 199 45
35 201 46
36 203 48
37 205 49
38 207 50
39 210 52
40 212 53
41 215 54
42 218 56
43 221 57
44 224 58
45 227 60
46 231 61
47 235 62
48 239 64
49 243 65
50 247 66
51 251 68
52 257 69
53 261 70
54 266 72
55 272 73
56 278 74
57 284 76
58 290 77
59 298 78
60 305 80
61 313 81
62 321 82
63 330 84
64 341 85
65 350 86
66 361 88
67 373 89
68 386 90
69 398 92
70 414 93
71 430 94
72 447 96
73 466 97
74 487 98
