0 179 0
1 179 1
2 179 2
3 179 4
4 179 5
5 180 6
6 180 8
7 180 9
8 180 10
9 181 12
10 182 13
11 182 14
12 183 16
13 183 17
14 184 18
15 185 20
16 186 21
17 186 22
18 188 24
19 188 25
20 190 27
21 191 28
22 192 29
23 193 31
24 195 32
25 196 33
26 198 35
27 199 36
28 201 37
29 203 39
30 205 40
31 207 41
32 209 43
33 211 44
34 214 45
35 216 47
36 219 48
37 221 50
38 224 51
39 227 52
40 230 54
41 233 55
42 237 56
43 241 58
44 244 59
45 249 60
46 252 62
47 257 63
48 262 64
49 267 66
50 272 67
51 277 68
52 283 70
53 289 71
54 296 72
55 303 74
56 310 75
57 318 77
58 327 78
59 336 79
60 345 81
61 356 82
62 366 83
63 377 85
64 389 86
65 404 87
66 417 89
67 433 90
68 450 91
69 469 93
70 489 94
71 511 95
72 538 97
73 563 98
