0 172 0
1 172 1
2 172 2
3 172 3
4 172 4
5 172 5
6 173 6
7 173 7
8 173 8
9 174 10
10 174 11
11 175 12
12 175 13
13 176 14
14 177 15
15 178 16
16 178 17
17 179 19
18 180 20
19 181 21
20 182 22
21 183 23
22 184 24
23 186 25
24 187 26
25 189 28
26 190 29
27 192 30
28 193 31
29 195 32
30 197 33
31 199 34
32 201 35
33 203 37
34 205 38
35 208 39
36 207 40
37 209 41
38 213 42
39 216 43
40 219 44
41 225 46
42 228 47
43 232 48
44 236 49
45 239 50
46 244 51
47 248 52
48 253 53
49 257 55
50 262 56
51 268 57
52 274 58
53 280 59
54 286 60
55 293 61
56 290 62
57 286 64
58 266 65
59 266 66
60 267 67
61 268 68
62 269 69
63 281 70
64 282 71
65 283 73
66 284 74
67 283 75
68 434 76
69 452 77
70 472 78
71 492 79
72 516 80
73 544 82
0 170 0
1 170 2
2 170 4
3 170 6
4 171 9
5 172 11
6 173 6
7 174 15
8 176 18
9 177 20
10 179 22
11 182 25
12 184 27
13 187 29
14 191 31
15 194 34
16 198 36
17 202 38
18 204 40
19 199 43
20 197 45
21 223 47
22 129 50
23 134 52
24 137 54
25 134 56
26 133 59
27 157 61
28 151 63
29 159 65
30 172 68
31 194 70
32 364 72
33 390 75
34 420 77
35 455 79
36 496 81
37 550 84
38 213 42
39 216 43
40 219 44
41 225 46
42 228 47
43 232 48
44 236 49
45 239 50
46 244 51
47 248 52
48 253 53
49 257 55
50 262 56
51 268 57
52 274 58
53 280 59
54 286 60
55 293 61
56 290 62
57 286 64
58 266 65
59 266 66
60 267 67
61 268 68
62 269 69
63 281 70
64 282 71
65 283 73
66 284 74
67 283 75
68 434 76
69 452 77
70 472 78
71 492 79
72 516 80
73 544 82
