0 176 0
1 177 1
2 177 2
3 177 4
4 177 5
5 177 7
6 178 8
7 178 10
8 179 11
9 178 13
10 179 14
11 179 16
12 180 17
13 181 19
14 181 20
15 182 22
16 183 23
17 184 25
18 185 26
19 185 27
20 187 29
21 187 30
22 189 32
23 190 33
24 192 35
25 193 36
26 194 38
27 196 39
28 198 41
29 200 42
30 201 44
31 203 45
32 206 47
33 207 48
34 209 50
35 212 51
36 214 52
37 217 54
38 220 55
39 222 57
40 226 58
41 229 60
42 233 61
43 235 63
44 240 64
45 243 66
46 247 67
47 252 69
48 257 70
49 261 72
50 265 73
51 272 75
52 278 76
53 282 77
54 289 79
55 295 80
56 302 82
57 309 83
58 317 85
59 327 86
60 335 88
61 345 89
62 354 91
63 366 92
64 379 94
65 389 95
66 405 97
67 419 98
68 435 100
