0 172 0
1 172 1
2 172 2
3 172 3
4 172 4
5 173 5
6 173 6
7 174 7
8 174 8
9 174 10
10 175 11
11 176 12
12 176 13
13 177 14
14 178 15
15 179 16
16 179 17
17 180 19
18 181 20
19 182 21
20 183 22
21 184 23
22 186 24
23 187 25
24 189 26
25 190 28
26 192 29
27 193 30
28 195 31
29 197 32
30 199 33
31 201 34
32 203 35
33 205 37
34 207 38
35 210 39
36 213 40
37 216 41
38 218 42
39 221 43
40 225 44
41 228 46
42 231 47
43 235 48
44 239 49
45 243 50
46 247 51
47 252 52
48 257 53
49 262 55
50 267 56
51 273 57
52 279 58
53 285 59
54 291 60
55 299 61
56 306 62
57 314 64
58 323 65
59 332 66
60 342 67
61 352 68
62 363 69
63 374 70
64 387 71
65 401 73
66 417 74
67 432 75
68 450 76
69 470 77
70 489 78
71 512 79
72 538 80
