0 520 0
1 521 1
2 523 2
3 527 4
4 531 5
5 532 7
6 528 8
7 526 10
8 522 11
9 520 13
10 518 14
11 517 16
12 515 17
13 514 19
14 514 20
15 513 22
16 513 23
17 512 25
18 512 26
19 511 28
20 511 29
21 511 31
22 512 32
23 511 34
24 512 35
25 514 37
26 515 38
27 515 40
28 517 41
29 518 43
30 520 44
31 522 46
32 525 47
33 527 49
34 529 50
35 532 52
36 535 53
37 539 55
38 542 56
39 545 58
40 549 59
41 552 61
42 556 62
43 560 64
44 563 65
45 567 67
46 570 68
47 575 70
48 579 71
49 584 73
50 589 74
51 595 76
52 602 77
53 608 79
54 617 80
55 625 82
56 635 83
57 646 85
58 661 86
59 680 88
60 701 89
61 726 91
62 760 92
63 827 94
64 1113 95
65 1336 97
66 1400 98
67 1435 100
