0 1211 0
1 1221 2
2 1231 4
3 1243 6
4 1254 8
5 1266 10
6 1275 12
7 1282 14
8 1278 17
9 1273 19
10 1268 21
11 1263 23
12 1259 25
13 1257 27
14 1254 29
15 1251 31
16 1249 34
17 1248 36
18 1247 38
19 1247 40
20 1249 42
21 1252 44
22 1257 46
23 1264 48
24 1272 51
25 1283 53
26 1295 55
27 1308 57
28 1324 59
29 1342 61
30 1367 63
31 1390 65
32 1424 68
33 1456 70
34 1493 72
35 1526 74
36 1568 76
37 1615 78
38 1664 80
39 1703 82
40 1713 85
41 1724 87
42 1734 89
43 1748 91
44 1760 93
45 1773 95
46 1787 97
47 1804 100
