1 171 1
2 171 2
3 171 4
4 171 5
5 171 6
6 171 8
7 171 9
8 171 10
9 172 12
10 172 13
11 172 14
12 173 16
13 174 17
14 174 18
15 175 20
16 176 21
17 176 22
19 178 25
20 179 26
21 179 28
22 180 29
23 182 30
24 183 32
25 184 33
26 185 34
27 187 36
28 188 37
29 190 38
30 191 40
31 193 41
32 194 42
33 196 44
34 198 45
35 200 46
36 202 48
37 205 49
38 207 50
39 209 52
40 212 53
41 214 54
42 217 56
43 220 57
44 224 58
45 227 60
46 230 61
47 233 62
48 234 64
49 236 65
50 237 66
51 221 68
52 222 69
53 225 70
54 228 72
55 230 73
56 234 74
57 244 76
58 249 77
59 253 78
60 259 80
61 263 81
62 269 82
63 275 84
64 280 85
65 287 86
66 294 88
67 301 89
68 308 90
69 317 92
70 326 93
71 335 94
72 344 96
73 356 97
74 367 98
