0 172 0
1 172 1
2 172 2
3 172 4
4 172 5
5 172 7
6 172 8
7 173 10
8 173 11
9 174 13
10 174 14
11 175 15
12 175 17
13 176 18
14 177 20
15 177 21
16 178 23
17 179 24
18 180 26
19 181 27
20 182 28
21 183 30
22 184 31
23 186 33
24 187 34
25 188 36
26 190 37
27 191 39
28 193 40
29 195 42
30 197 43
31 198 44
32 201 46
33 203 47
34 205 49
35 207 50
36 207 52
37 209 53
38 212 55
39 216 56
40 219 57
41 223 59
42 228 60
43 231 62
44 235 63
45 239 65
46 243 66
47 247 68
48 252 69
49 257 71
50 262 72
51 267 73
52 273 75
53 279 76
54 285 78
55 292 79
56 290 81
57 287 82
58 265 84
59 266 85
60 267 86
61 268 88
62 269 89
63 281 91
64 282 92
65 283 94
66 284 95
67 283 97
68 433 98
