0 179 0
1 179 1
2 179 2
3 179 4
4 179 5
5 179 6
6 180 8
7 180 9
8 181 10
9 181 12
10 181 13
11 182 14
12 183 16
13 183 17
14 184 18
15 185 20
16 186 21
17 186 22
18 188 24
19 189 25
20 190 27
21 191 28
22 192 29
23 194 31
24 195 32
25 197 33
26 198 35
27 200 36
28 202 37
29 203 39
30 206 40
31 208 41
32 210 43
33 212 44
34 215 45
35 217 47
36 220 48
37 223 50
38 226 51
39 229 52
40 232 54
41 235 55
42 239 56
43 243 58
44 246 59
45 251 60
46 254 62
47 259 63
48 264 64
49 269 66
50 274 67
51 279 68
52 286 70
53 291 71
54 298 72
55 304 74
56 312 75
57 319 77
58 327 78
59 336 79
60 345 81
61 355 82
62 364 83
63 377 85
64 388 86
65 401 87
66 416 89
67 431 90
68 447 91
69 463 93
70 481 94
71 501 95
72 526 97
73 547 98
