1 179 1
4 179 5
5 179 7
6 180 8
7 180 10
8 181 11
9 181 13
10 182 14
11 183 15
12 183 17
13 184 18
14 185 20
15 186 21
16 187 23
17 188 24
18 189 26
19 190 27
20 191 28
21 193 30
22 194 31
23 195 33
24 197 34
25 199 36
26 200 37
27 202 39
28 204 40
29 206 42
30 208 43
31 210 44
32 213 46
33 215 47
34 217 49
35 220 50
36 223 52
37 132 53
38 133 55
39 135 56
40 137 57
41 139 59
42 141 60
43 143 62
44 146 63
45 148 65
46 150 66
47 154 68
48 157 69
49 160 71
50 163 72
51 166 73
52 168 75
53 173 76
54 175 78
55 177 79
56 179 81
57 180 82
58 182 84
59 183 85
60 184 86
61 185 88
62 186 89
63 187 91
64 187 92
65 188 94
66 189 95
67 190 97
68 191 98
