0 177 0
1 177 1
2 176 2
3 170 4
4 177 5
5 177 6
6 177 8
7 178 9
8 178 10
9 178 12
10 179 13
11 179 14
12 180 16
13 180 17
14 181 18
15 181 20
16 182 21
17 183 22
18 184 24
19 185 25
20 186 26
21 187 28
22 188 29
23 189 30
24 190 32
25 192 33
26 193 34
27 195 36
28 196 37
29 198 38
30 200 40
31 202 41
32 204 42
33 206 44
34 208 45
35 211 46
36 213 48
37 216 49
38 219 50
39 222 52
40 225 53
41 227 54
42 231 56
43 234 57
44 238 58
45 241 60
46 245 61
47 249 62
48 253 64
49 258 65
50 264 66
51 269 68
52 275 69
53 281 70
54 288 72
55 294 73
56 300 74
57 308 76
58 315 77
59 322 78
60 333 80
61 344 81
62 353 82
63 364 84
64 374 85
65 387 86
66 399 88
67 415 89
68 432 90
69 448 92
70 470 93
71 493 94
72 509 96
73 538 97
74 571 98
