0 177 0
1 177 1
2 176 2
3 154 4
4 177 5
5 177 6
6 177 8
7 177 9
8 178 10
9 178 12
10 179 13
11 179 14
12 179 16
13 180 17
14 181 18
15 181 20
16 182 21
17 183 22
18 183 24
19 184 25
20 185 26
21 186 28
22 188 29
23 189 30
24 190 32
25 191 33
26 193 34
27 194 36
28 196 37
29 198 38
30 200 40
31 201 41
32 203 42
33 205 44
34 208 45
35 210 46
36 213 48
37 215 49
38 218 50
39 220 52
40 224 53
41 227 54
42 230 56
43 233 57
44 237 58
45 240 60
46 245 61
47 249 62
48 252 64
49 257 65
50 262 66
51 269 68
52 274 69
53 280 70
54 286 72
55 292 73
56 299 74
57 305 76
58 313 77
59 320 78
60 330 80
61 340 81
62 352 82
63 361 84
64 372 85
65 384 86
66 396 88
67 479 89
68 499 90
69 442 92
70 461 93
71 484 94
72 437 96
73 462 97
74 490 98
