0 177 0
1 176 1
2 177 3
3 177 5
4 177 6
5 177 8
6 178 10
7 178 12
8 179 13
9 179 15
10 179 17
11 180 18
12 180 20
13 181 22
14 182 24
15 183 25
16 183 27
17 185 29
18 185 31
19 186 32
20 188 34
21 188 36
22 190 37
23 191 39
24 192 41
25 194 43
26 196 44
27 197 46
28 198 48
29 200 50
30 202 51
31 204 53
32 207 55
33 209 56
34 211 58
35 213 60
36 217 62
37 218 63
38 222 65
39 224 67
40 227 68
41 231 70
42 234 72
43 239 74
44 241 75
45 245 77
46 249 79
47 255 81
48 260 82
49 264 84
50 270 86
51 274 87
52 280 89
53 288 91
54 293 93
55 300 94
56 306 96
57 315 98
58 324 100
