0 179 0
1 179 1
2 179 2
3 179 4
4 179 5
5 179 6
6 180 8
7 180 9
8 180 10
9 181 12
10 181 13
11 182 14
12 183 16
13 183 17
14 184 18
15 185 20
16 186 21
17 186 22
18 187 24
19 189 25
20 190 27
21 191 28
22 192 29
23 193 31
24 195 32
25 196 33
26 198 35
27 200 36
28 201 37
29 203 39
30 205 40
31 207 41
32 209 43
33 211 44
34 214 45
35 213 47
36 219 48
37 222 50
38 225 51
39 227 52
40 134 54
41 136 55
42 139 56
43 139 58
44 139 59
45 143 60
46 147 62
47 150 63
48 153 64
49 156 66
50 159 67
51 161 68
52 161 70
53 167 71
54 172 72
55 176 74
56 182 75
57 184 77
58 190 78
59 193 79
60 200 81
61 205 82
62 234 83
63 229 85
64 229 86
65 230 87
66 231 89
67 232 90
68 232 91
69 234 93
70 479 94
71 500 95
72 524 97
73 546 98
