0 176 0
1 176 1
2 176 2
3 176 4
4 159 5
5 154 6
6 159 8
7 176 9
8 176 10
9 176 12
10 177 13
11 177 14
12 178 16
13 178 17
14 172 18
15 173 20
16 178 21
17 183 22
18 178 24
19 165 25
20 185 26
21 187 28
22 188 29
23 189 30
24 190 32
25 192 33
26 193 34
27 195 36
28 197 37
29 199 38
30 201 40
31 202 41
32 205 42
33 207 44
34 209 45
35 212 46
36 214 48
37 216 49
38 220 50
39 223 52
40 226 53
41 229 54
42 232 56
43 235 57
44 239 58
45 243 60
46 246 61
47 250 62
48 255 64
49 260 65
50 266 66
51 270 68
52 277 69
53 282 70
54 289 72
55 295 73
56 303 74
57 310 76
58 318 77
59 324 78
60 336 80
61 347 81
62 356 82
63 367 84
64 377 85
65 391 86
66 406 88
67 422 89
68 437 90
69 452 92
70 866 93
71 496 94
72 519 96
73 938 97
74 994 98
