0 179 0
1 179 1
2 179 2
3 179 4
4 179 5
5 179 6
6 180 8
7 180 9
8 180 10
9 181 12
10 182 13
11 182 14
12 183 16
13 183 17
14 184 18
15 185 20
16 186 21
17 187 22
18 187 24
19 189 25
20 190 27
21 191 28
22 192 29
23 193 31
24 195 32
25 196 33
26 197 35
27 200 36
28 201 37
29 203 39
30 205 40
31 207 41
32 209 43
33 211 44
34 213 45
35 216 47
36 218 48
37 221 50
38 224 51
39 227 52
40 230 54
41 233 55
42 237 56
43 240 58
44 244 59
45 249 60
46 253 62
47 257 63
48 261 64
49 267 66
50 271 67
51 278 68
52 284 70
53 290 71
54 296 72
55 302 74
56 311 75
57 318 77
58 327 78
59 335 79
60 346 81
61 355 82
62 366 83
63 378 85
64 390 86
65 404 87
66 417 89
67 435 90
68 450 91
69 469 93
70 488 94
71 513 95
72 537 97
73 563 98
