0 153 0
1 153 0
2 153 1
3 153 2
4 153 3
5 152 4
6 152 5
7 152 6
8 152 6
9 152 7
10 152 8
11 152 9
12 153 10
13 153 11
14 153 12
15 153 12
16 154 13
17 154 14
18 155 15
19 156 16
20 156 17
21 157 18
22 157 18
23 156 19
24 147 20
25 136 21
26 129 22
27 122 23
28 116 24
29 115 25
30 114 25
31 113 26
32 112 27
33 111 28
34 121 29
35 122 30
36 123 31
37 125 31
38 126 32
39 178 33
40 180 34
41 182 35
42 184 36
43 186 37
44 188 37
45 191 38
46 193 39
47 196 40
48 194 41
49 190 42
50 187 43
51 183 43
52 180 44
54 173 46
55 170 47
56 167 48
57 164 49
58 162 50
59 159 50
60 157 51
61 155 52
62 153 53
65 147 56
66 146 56
67 144 57
68 142 58
69 141 59
70 140 60
71 138 61
72 137 62
73 136 62
74 135 63
75 134 64
76 133 65
77 132 66
78 131 67
79 130 68
80 129 68
129 154 0
130 47 1
131 155 2
132 155 3
133 156 4
134 156 5
135 157 6
136 158 6
137 158 7
138 159 8
139 160 9
141 162 11
142 163 12
144 165 13
145 167 14
146 168 15
147 169 16
148 171 17
149 163 18
150 158 18
153 153 21
154 160 22
155 175 23
156 174 24
157 177 25
158 190 25
159 192 26
160 195 27
161 198 28
162 201 29
163 204 30
