0 176 0
1 176 1
2 176 2
3 178 4
4 160 5
5 154 6
6 159 8
7 175 9
8 176 10
9 176 12
10 177 13
11 177 14
12 178 16
13 178 17
14 173 18
15 173 20
16 176 21
17 183 22
18 180 24
19 165 25
20 185 26
21 187 28
22 188 29
23 189 30
24 190 32
25 192 33
26 193 34
27 195 36
28 196 37
29 198 38
30 200 40
31 202 41
32 204 42
33 206 44
34 208 45
35 211 46
36 214 48
37 215 49
38 219 50
39 221 52
40 224 53
41 227 54
42 231 56
43 235 57
44 238 58
45 242 60
46 246 61
47 250 62
48 254 64
49 259 65
50 264 66
51 270 68
52 275 69
53 282 70
54 288 72
55 294 73
56 301 74
57 308 76
58 317 77
59 324 78
60 333 80
61 343 81
62 354 82
63 366 84
64 375 85
65 388 86
66 401 88
67 197 89
68 432 90
69 450 92
70 470 93
71 491 94
72 517 96
73 547 97
74 567 98
