0 177 0
1 177 1
2 176 2
3 168 4
4 177 5
5 177 6
6 177 8
7 177 9
8 178 10
9 178 12
10 178 13
11 179 14
12 179 16
13 178 17
14 181 18
15 181 20
16 182 21
17 183 22
18 183 24
19 184 25
20 185 26
21 186 28
22 188 29
23 189 30
24 190 32
25 191 33
26 193 34
27 194 36
28 196 37
29 197 38
30 199 40
31 201 41
32 203 42
33 206 44
34 208 45
35 210 46
36 213 48
37 215 49
38 218 50
39 220 52
40 224 53
41 226 54
42 230 56
43 233 57
44 236 58
45 240 60
46 244 61
47 248 62
48 252 64
49 256 65
50 261 66
51 267 68
52 273 69
53 279 70
54 285 72
55 291 73
56 297 74
57 305 76
58 312 77
59 318 78
60 329 80
61 338 81
62 351 82
63 359 84
64 370 85
65 380 86
66 394 88
67 410 89
68 426 90
69 376 92
70 394 93
71 414 94
72 501 96
73 530 97
74 562 98
