0 177 0
1 177 1
2 177 2
3 177 4
4 177 5
5 159 6
6 155 8
7 159 9
8 176 10
9 176 12
10 177 13
11 177 14
12 178 16
13 178 17
14 178 18
15 173 20
16 173 21
17 178 22
18 183 24
19 178 25
20 166 26
21 186 28
22 187 29
23 188 30
24 190 32
25 191 33
26 193 34
27 194 36
28 196 37
29 197 38
30 199 40
31 201 41
32 203 42
33 205 44
34 207 45
35 210 46
36 212 48
37 214 49
38 217 50
39 220 52
40 222 53
41 225 54
42 229 56
43 232 57
44 236 58
45 239 60
46 243 61
47 247 62
48 251 64
49 256 65
50 261 66
51 266 68
52 271 69
53 277 70
54 283 72
55 290 73
56 295 74
57 303 76
58 310 77
59 318 78
60 327 80
61 336 81
62 346 82
63 356 84
64 367 85
65 379 86
66 393 88
67 406 89
68 421 90
69 437 92
70 454 93
71 476 94
72 498 96
73 520 97
74 551 98
