0 177 0
1 175 1
2 176 2
3 176 4
4 177 5
5 177 6
7 178 9
8 178 10
9 178 12
10 179 13
11 179 14
12 179 16
13 180 17
14 180 18
15 182 20
16 182 21
17 183 22
18 184 24
19 185 25
20 186 26
21 187 28
22 188 29
23 189 30
24 191 32
25 192 33
26 193 34
27 195 36
28 197 37
29 199 38
30 200 40
31 203 41
32 204 42
33 207 44
34 209 45
35 211 46
36 214 48
37 216 49
38 219 50
39 222 52
40 225 53
41 228 54
42 231 56
43 235 57
44 238 58
45 242 60
46 245 61
47 250 62
48 254 64
49 260 65
50 265 66
51 270 68
52 277 69
53 282 70
54 288 72
55 295 73
56 301 74
57 308 76
58 316 77
59 324 78
60 334 80
61 346 81
62 355 82
63 365 84
64 377 85
65 390 86
66 402 88
67 419 89
68 371 90
69 450 92
70 472 93
71 496 94
72 447 96
73 938 97
74 995 98
