0 176 0
1 176 1
2 176 2
3 179 4
4 170 5
5 155 6
6 159 8
7 175 9
8 176 10
9 176 12
10 176 13
11 177 14
12 178 16
13 178 17
14 174 18
15 173 20
16 176 21
17 183 22
18 182 24
19 168 25
20 185 26
21 185 28
22 188 29
23 189 30
24 190 32
25 192 33
26 193 34
27 195 36
28 196 37
29 198 38
30 199 40
31 202 41
32 204 42
33 206 44
34 208 45
35 210 46
36 213 48
37 216 49
38 219 50
39 221 52
40 224 53
41 227 54
42 231 56
43 234 57
44 238 58
45 241 60
46 245 61
47 249 62
48 253 64
49 259 65
50 264 66
51 269 68
52 274 69
53 281 70
54 288 72
55 293 73
56 299 74
57 306 76
58 315 77
59 321 78
60 332 80
61 342 81
62 353 82
63 362 84
64 374 85
65 387 86
66 399 88
67 418 89
68 430 90
69 447 92
70 464 93
71 489 94
72 508 96
73 537 97
74 562 98
0 176 0
1 176 1
2 176 2
3 179 4
4 170 5
5 155 6
6 159 8
7 175 9
8 176 10
9 176 12
10 176 13
11 177 14
12 178 16
13 178 17
14 174 18
15 173 20
16 176 21
17 183 22
18 182 24
19 168 25
20 185 26
21 185 28
22 188 29
23 189 30
24 190 32
25 192 33
26 193 34
27 195 36
28 196 37
29 198 38
30 199 40
31 202 41
32 204 42
33 206 44
34 208 45
35 210 46
36 213 48
37 216 49
38 219 50
39 221 52
40 224 53
41 227 54
42 231 56
43 234 57
44 238 58
45 241 60
46 245 61
47 249 62
48 253 64
49 259 65
50 264 66
51 269 68
52 274 69
53 281 70
54 288 72
55 293 73
56 299 74
57 306 76
58 315 77
59 321 78
60 332 80
61 342 81
62 353 82
63 362 84
64 374 85
65 387 86
66 399 88
67 418 89
68 430 90
69 447 92
70 464 93
71 489 94
72 508 96
73 537 97
74 562 98
