0 172 0
1 172 1
2 172 2
3 158 3
4 172 4
5 172 5
6 173 6
7 173 7
8 173 8
9 174 10
10 174 11
11 175 12
12 176 13
13 176 14
14 177 15
15 178 16
16 179 17
17 179 19
18 180 20
19 181 21
20 182 22
21 183 23
22 185 24
23 186 25
24 187 26
25 189 28
26 190 29
27 192 30
28 194 31
29 195 32
30 197 33
31 199 34
32 201 35
33 204 37
34 206 38
35 209 39
36 208 40
37 210 41
38 214 42
39 217 43
40 220 44
41 226 46
42 229 47
43 233 48
44 237 49
45 241 50
46 245 51
47 249 52
48 254 53
49 259 55
50 264 56
51 270 57
52 275 58
53 281 59
54 288 60
55 292 61
56 289 62
57 285 64
58 266 65
59 266 66
60 267 67
61 268 68
62 270 69
63 281 70
64 282 71
65 283 73
66 285 74
67 283 75
68 440 76
69 458 77
70 478 78
71 499 79
72 523 80
