2 176 2
6 178 8
9 179 12
10 164 13
11 182 14
12 183 16
15 185 20
16 186 21
19 189 25
20 190 26
22 193 29
23 194 30
24 196 32
25 197 33
26 199 34
27 201 36
28 202 37
29 204 38
30 206 40
31 208 41
32 211 42
33 213 44
34 215 45
35 218 46
36 221 48
37 223 49
38 226 50
39 229 52
41 236 54
42 239 56
43 243 57
44 247 58
45 251 60
46 255 61
47 260 62
48 264 64
49 269 65
50 275 66
51 280 68
52 287 69
54 299 72
55 305 73
56 313 74
57 321 76
58 329 77
59 339 78
60 347 80
61 358 81
62 367 82
63 381 84
64 391 85
65 405 86
66 419 88
67 434 89
68 451 90
69 468 92
70 491 93
71 511 94
72 537 96
73 560 97
74 593 98
0 171 0
1 173 1
2 176 2
3 173 4
4 177 5
5 178 6
6 178 8
7 178 9
8 179 10
9 179 12
10 164 13
11 182 14
12 183 16
13 184 17
14 184 18
15 185 20
16 186 21
17 187 22
18 188 24
19 189 25
20 190 26
21 192 28
22 193 29
23 194 30
24 196 32
25 197 33
26 199 34
27 201 36
28 202 37
29 204 38
30 206 40
31 208 41
32 211 42
33 213 44
34 215 45
35 218 46
36 221 48
37 223 49
38 226 50
39 229 52
40 232 53
41 236 54
42 239 56
43 243 57
44 247 58
45 251 60
46 255 61
47 260 62
48 264 64
49 269 65
50 275 66
51 280 68
52 287 69
53 292 70
54 299 72
55 305 73
56 313 74
57 321 76
58 329 77
59 339 78
60 347 80
61 358 81
62 367 82
63 381 84
64 391 85
65 405 86
66 419 88
67 434 89
68 451 90
69 468 92
70 491 93
71 511 94
72 537 96
73 560 97
74 593 98
