0 172 0
1 172 1
2 172 2
3 173 3
4 173 4
5 173 5
6 173 6
7 174 7
8 174 8
9 175 10
10 176 11
11 176 12
12 177 13
13 177 14
14 178 15
15 179 16
16 180 17
17 181 19
18 182 20
19 183 21
20 184 22
21 185 23
22 187 24
23 188 25
24 190 26
25 191 28
26 193 29
27 195 30
28 196 31
29 198 32
30 200 33
31 203 34
32 205 35
33 207 37
34 209 38
35 212 39
36 215 40
37 218 41
38 221 42
39 224 43
40 227 44
41 231 46
42 234 47
43 238 48
44 242 49
45 246 50
46 251 51
47 256 52
48 260 53
49 266 55
50 272 56
51 277 57
52 284 58
53 290 59
54 298 60
55 304 61
56 312 62
57 321 64
58 330 65
59 340 66
60 350 67
61 361 68
62 372 69
63 384 70
64 398 71
65 414 73
66 428 74
67 446 75
68 465 76
69 485 77
70 507 78
71 533 79
