0 178 0
1 178 1
6 180 8
7 180 9
10 182 13
11 182 14
12 183 16
13 184 17
14 184 18
15 185 20
16 186 21
17 187 22
18 188 24
19 189 25
21 191 28
24 196 32
25 197 33
26 199 35
28 203 37
30 207 40
31 209 41
32 211 43
33 214 44
34 215 45
36 222 48
37 224 50
38 227 51
39 134 52
40 136 54
42 140 56
43 143 58
44 145 59
45 148 60
46 150 62
47 150 63
48 150 64
50 154 67
51 152 68
52 155 70
53 158 71
54 163 72
55 176 74
56 186 75
57 191 77
58 196 78
59 202 79
60 356 81
61 366 82
62 376 83
63 391 85
64 401 86
65 417 87
66 429 89
67 449 90
68 464 91
69 485 93
70 507 94
71 530 95
72 558 97
73 582 98
