0 178 0
1 178 1
2 179 2
3 179 4
4 179 5
5 179 6
6 180 8
7 180 9
8 180 10
9 181 12
10 181 13
11 182 14
12 182 16
13 183 17
14 183 18
15 184 20
16 185 21
17 186 22
18 187 24
19 188 25
20 189 27
21 190 28
22 191 29
23 192 31
24 194 32
25 195 33
26 197 35
27 198 36
28 200 37
29 202 39
30 204 40
31 206 41
32 208 43
33 210 44
34 212 45
35 214 47
36 217 48
37 220 50
38 223 51
39 226 52
40 135 54
41 135 55
42 137 56
43 139 58
44 141 59
45 144 60
46 147 62
47 149 63
48 152 64
49 150 66
50 151 67
51 154 68
52 153 70
53 157 71
54 172 72
55 177 74
56 177 75
57 183 77
58 190 78
59 194 79
60 201 81
61 231 82
62 246 83
63 260 85
64 258 86
65 257 87
66 257 89
67 256 90
68 256 91
69 255 93
70 255 94
71 513 95
72 533 97
73 560 98
