0 179 0
1 179 1
2 179 2
3 179 4
4 179 5
5 179 6
6 180 8
7 180 9
8 181 10
9 181 12
10 182 13
11 182 14
12 183 16
13 184 17
14 184 18
15 185 20
16 186 21
17 187 22
18 188 24
19 189 25
20 190 27
21 191 28
22 192 29
23 194 31
24 195 32
25 197 33
26 198 35
27 200 36
28 202 37
29 203 39
30 205 40
31 208 41
32 210 43
33 212 44
34 215 45
35 216 47
36 220 48
37 222 50
38 225 51
39 227 52
40 134 54
41 137 55
42 139 56
43 138 58
44 139 59
45 143 60
46 148 62
47 151 63
48 153 64
49 156 66
50 159 67
51 162 68
52 163 70
53 168 71
54 173 72
55 177 74
56 182 75
57 185 77
58 190 78
59 195 79
60 200 81
61 240 82
62 231 83
63 229 85
64 229 86
65 230 87
66 231 89
67 233 90
68 232 91
69 234 93
70 482 94
71 501 95
72 527 97
73 549 98
