0 176 0
1 176 1
2 176 2
3 177 4
4 159 5
5 155 6
6 159 8
7 176 9
8 176 10
9 176 12
10 177 13
11 177 14
12 178 16
13 178 17
14 173 18
15 173 20
16 178 21
17 183 22
18 178 24
19 165 25
20 186 26
21 187 28
22 188 29
23 189 30
24 191 32
25 192 33
26 194 34
27 195 36
28 197 37
29 198 38
30 200 40
31 202 41
32 205 42
33 207 44
34 209 45
35 211 46
36 214 48
37 216 49
38 220 50
39 222 52
40 225 53
41 228 54
42 232 56
43 235 57
44 239 58
45 213 60
46 212 61
47 203 62
48 199 64
49 194 65
50 190 66
51 190 68
52 186 69
53 185 70
54 186 72
55 295 73
56 303 74
57 307 76
58 155 77
59 156 78
60 157 80
61 160 81
62 166 82
63 367 84
64 378 85
65 391 86
66 404 88
67 140 89
68 435 90
69 453 92
70 473 93
71 494 94
72 519 96
73 543 97
74 576 98
