0 178 0
1 178 1
2 178 2
3 179 4
4 179 5
5 179 6
6 179 8
7 179 9
8 180 10
9 180 12
10 181 13
11 181 14
12 182 16
13 182 17
14 183 18
15 184 20
16 184 21
17 185 22
18 186 24
19 187 25
20 188 27
21 190 28
22 191 29
23 192 31
24 193 32
25 195 33
26 196 35
27 198 36
28 200 37
29 201 39
30 203 40
31 205 41
32 208 43
33 209 44
34 212 45
35 214 47
36 217 48
37 219 50
38 222 51
39 226 52
40 224 54
41 135 55
42 137 56
43 139 58
44 141 59
45 143 60
46 146 62
47 148 63
48 151 64
49 149 66
50 149 67
51 152 68
52 152 70
53 151 71
54 168 72
55 168 74
56 164 75
57 158 77
58 159 78
59 159 79
60 153 81
61 350 82
62 359 83
63 371 85
64 384 86
65 396 87
66 411 89
67 423 90
68 443 91
69 456 93
70 478 94
71 497 95
72 522 97
73 546 98
