8 181 10
20 190 27
21 191 28
23 194 31
24 195 32
25 196 33
26 198 35
27 200 36
28 201 37
31 207 41
32 209 43
33 212 44
35 216 47
36 219 48
40 231 54
43 241 58
44 244 59
45 249 60
46 252 62
47 257 63
48 261 64
49 266 66
50 28 67
51 278 68
52 284 70
53 289 71
54 295 72
55 301 74
56 309 75
57 316 77
58 324 78
59 332 79
60 341 81
61 351 82
62 360 83
63 373 85
64 383 86
65 396 87
66 408 89
67 425 90
68 438 91
69 456 93
70 475 94
71 495 95
72 519 97
73 541 98
0 179 0
1 179 1
2 179 2
3 179 4
4 179 5
5 179 6
6 180 8
7 180 9
8 181 10
9 181 12
10 181 13
11 182 14
12 183 16
13 184 17
14 184 18
15 185 20
16 186 21
17 187 22
18 188 24
19 189 25
20 190 27
21 191 28
22 192 29
23 194 31
24 195 32
25 196 33
26 198 35
27 200 36
28 201 37
29 203 39
30 205 40
31 207 41
32 209 43
33 212 44
34 214 45
35 216 47
36 219 48
37 222 50
38 225 51
39 227 52
40 231 54
41 234 55
42 237 56
43 241 58
44 244 59
45 249 60
46 252 62
47 257 63
48 261 64
49 266 66
50 28 67
51 278 68
52 284 70
53 289 71
54 295 72
55 301 74
56 309 75
57 316 77
58 324 78
59 332 79
60 341 81
61 351 82
62 360 83
63 373 85
64 383 86
65 396 87
66 408 89
67 425 90
68 438 91
69 456 93
70 475 94
71 495 95
72 519 97
73 541 98
