0 145 0
1 145 1
2 145 2
3 145 3
4 146 5
5 146 6
6 146 7
7 146 9
8 147 10
9 147 11
10 148 13
11 148 14
12 149 15
13 149 17
14 150 18
15 151 19
16 151 21
17 152 22
18 153 23
19 154 25
20 155 26
21 156 27
22 157 28
23 158 30
24 160 31
25 161 32
26 162 34
27 164 35
28 165 36
29 167 38
30 168 39
31 170 40
32 172 42
33 174 43
34 176 44
35 178 46
36 180 47
37 183 48
38 185 50
39 188 51
40 190 52
41 193 53
42 196 55
43 199 56
44 203 57
45 206 59
46 210 60
47 214 61
48 218 63
49 223 64
50 227 65
51 232 67
52 237 68
53 243 69
54 248 71
55 254 72
56 261 73
57 267 75
58 275 76
59 282 77
60 291 78
61 300 80
62 310 81
63 321 82
64 333 84
65 344 85
66 357 86
67 372 88
68 387 89
69 404 90
70 423 92
71 445 93
72 467 94
73 492 96
74 522 97
75 556 98
76 590 100
