0 170 0
1 170 1
2 170 2
3 170 3
4 170 4
5 170 5
6 170 6
7 170 7
8 171 8
9 171 10
10 172 11
11 172 12
12 173 13
13 173 14
14 174 15
15 175 16
17 176 19
19 178 21
20 179 22
21 180 23
22 181 24
23 183 25
24 184 26
25 186 28
26 187 29
27 189 30
28 190 31
29 192 32
30 194 33
31 196 34
32 197 35
33 199 37
34 201 38
35 202 39
36 203 40
37 206 41
38 200 42
39 195 43
40 197 44
42 217 47
43 225 48
44 130 49
45 131 50
46 133 51
47 135 52
48 139 53
49 136 55
50 134 56
51 138 57
52 133 58
53 152 59
54 153 60
55 154 61
56 152 62
57 149 64
58 161 65
59 160 66
60 170 67
61 170 68
62 192 69
63 197 70
64 359 71
65 371 73
66 384 74
67 398 75
68 413 76
69 428 77
70 446 78
71 466 79
72 486 80
73 510 82
