0 179 0
1 179 1
2 179 2
3 179 4
4 179 5
5 179 6
6 180 8
7 180 9
8 180 10
9 180 12
10 181 13
11 182 14
12 182 16
13 183 17
14 183 18
15 184 20
16 185 21
17 186 22
18 187 24
19 188 25
20 189 27
21 190 28
22 191 29
23 193 31
24 194 32
25 195 33
26 197 35
27 198 36
28 200 37
29 202 39
30 204 40
31 206 41
32 207 43
33 210 44
34 212 45
35 215 47
36 217 48
37 220 50
38 222 51
39 225 52
40 228 54
41 232 55
42 235 56
43 238 58
44 242 59
45 246 60
46 250 62
47 254 63
48 259 64
49 264 66
50 269 67
51 275 68
52 280 70
53 286 71
54 291 72
55 299 74
56 306 75
57 313 77
58 322 78
59 330 79
60 339 81
61 348 82
62 360 83
63 370 85
64 382 86
65 395 87
66 409 89
67 423 90
68 439 91
69 457 93
70 476 94
71 497 95
72 519 97
73 548 98
