1 179 1
3 179 4
5 179 6
6 180 8
7 180 9
8 181 10
9 181 12
10 182 13
12 183 16
13 184 17
14 184 18
15 185 20
17 187 22
18 188 24
19 189 25
20 190 27
21 191 28
22 193 29
23 194 31
24 195 32
25 197 33
26 199 35
27 200 36
28 202 37
29 204 39
30 206 40
31 208 41
32 210 43
33 213 44
34 213 45
35 218 47
36 220 48
37 223 50
38 226 51
39 135 52
40 135 54
41 137 55
42 140 56
43 139 58
44 142 59
45 144 60
46 145 62
47 151 63
48 155 64
49 155 66
50 158 67
51 152 68
52 163 70
53 166 71
54 167 72
55 168 74
56 182 75
57 187 77
58 192 78
59 198 79
60 202 81
61 240 82
62 366 83
63 379 85
64 390 86
65 404 87
66 419 89
67 433 90
68 447 91
69 464 93
70 484 94
71 503 95
72 527 97
73 550 98
