0 176 0
1 178 1
2 178 2
3 178 4
4 177 5
5 178 6
6 178 8
7 179 9
8 179 10
9 181 12
10 179 13
11 164 14
12 183 16
13 183 17
14 182 18
15 185 20
16 185 21
17 186 22
18 188 24
19 189 25
20 190 26
21 191 28
22 192 29
23 193 30
24 195 32
25 196 33
26 197 34
27 199 36
28 201 37
29 203 38
30 205 40
31 206 41
32 209 42
33 211 44
34 213 45
35 216 46
36 218 48
37 221 49
38 224 50
39 227 52
40 230 53
41 233 54
42 236 56
43 240 57
44 244 58
45 248 60
46 252 61
47 257 62
48 261 64
49 266 65
50 271 66
51 276 68
52 282 69
53 288 70
54 295 72
55 301 73
56 309 74
57 317 76
58 325 77
59 334 78
60 343 80
61 354 81
62 363 82
63 375 84
64 387 85
65 402 86
66 415 88
67 430 89
68 448 90
69 465 92
70 485 93
71 506 94
72 534 96
73 559 97
74 590 98
