0 177 0
3 178 4
4 175 5
5 178 6
7 179 9
8 177 10
9 164 12
11 182 14
12 183 16
13 183 17
14 184 18
15 185 20
17 187 22
18 188 24
19 189 25
20 190 27
21 191 28
22 192 29
23 194 31
24 195 32
26 198 35
27 200 36
29 203 39
30 205 40
31 207 41
32 209 43
33 211 44
34 214 45
35 216 47
36 219 48
37 222 50
38 225 51
39 228 52
40 231 54
41 234 55
42 235 56
43 241 58
44 244 59
45 250 60
46 254 62
47 259 63
48 263 64
49 268 66
50 273 67
51 279 68
52 284 70
53 291 71
54 297 72
55 303 74
56 312 75
57 320 77
58 329 78
59 324 79
60 312 81
61 312 82
62 313 83
63 332 85
64 330 86
65 322 87
66 404 89
67 408 90
68 450 91
69 473 93
70 495 94
71 517 95
72 544 97
73 570 98
74 606 100
