0 177 0
1 177 1
2 177 2
3 177 4
4 177 5
5 158 6
6 157 8
7 177 9
8 178 10
9 178 12
10 178 13
11 179 14
12 179 16
13 180 17
14 178 18
15 181 20
16 182 21
17 183 22
18 183 24
19 184 25
20 185 26
21 186 28
22 188 29
23 189 30
24 189 32
25 191 33
26 193 34
27 194 36
28 196 37
29 198 38
30 199 40
31 201 41
32 203 42
33 205 44
34 207 45
35 210 46
36 212 48
37 215 49
38 217 50
39 220 52
40 223 53
41 226 54
42 229 56
43 233 57
44 236 58
45 240 60
46 244 61
47 248 62
48 252 64
49 256 65
50 261 66
51 267 68
52 272 69
53 278 70
54 284 72
55 291 73
56 296 74
57 304 76
58 312 77
59 319 78
60 328 80
61 338 81
62 348 82
63 357 84
64 370 85
65 381 86
66 394 88
67 408 89
68 424 90
69 438 92
70 454 93
71 479 94
72 500 96
73 525 97
74 549 98
