0 174 0
1 174 1
2 174 2
3 152 4
4 174 5
5 174 6
6 174 8
7 174 9
8 174 10
9 174 12
10 175 13
11 176 14
12 174 16
13 176 17
14 177 18
15 178 20
16 178 21
17 179 22
18 180 24
19 180 25
20 181 26
21 182 28
22 183 29
23 184 30
24 185 32
25 187 33
26 188 34
27 190 36
28 191 37
29 192 38
30 194 40
31 196 41
32 197 42
33 199 44
34 201 45
35 203 46
36 206 48
37 207 49
38 210 50
39 212 52
40 215 53
41 218 54
42 221 56
43 224 57
44 227 58
45 231 60
46 234 61
47 238 62
48 242 64
49 246 65
50 251 66
51 255 68
52 260 69
53 265 70
54 271 72
55 275 73
56 282 74
57 288 76
58 295 77
59 302 78
60 310 80
61 318 81
62 327 82
63 336 84
64 346 85
65 357 86
66 367 88
67 380 89
68 393 90
69 407 92
70 421 93
71 439 94
72 458 96
73 475 97
74 499 98
