1 178 1
2 179 2
5 179 6
6 180 8
9 181 12
10 181 13
11 182 14
12 183 16
16 186 21
17 187 22
20 190 27
21 191 28
23 194 31
25 197 33
26 199 35
27 201 36
29 204 39
33 213 44
35 218 47
37 224 50
39 134 52
40 136 54
41 138 55
42 140 56
43 142 58
44 144 59
45 148 60
46 150 62
47 152 63
48 150 64
49 152 66
50 155 67
52 167 70
53 169 71
54 166 72
55 162 74
56 161 75
57 160 77
58 155 78
59 201 79
60 270 81
61 267 82
62 265 83
63 262 85
64 263 86
65 262 87
66 260 89
67 260 90
68 260 91
69 259 93
70 259 94
71 527 95
72 556 97
73 578 98
