0 172 0
1 172 1
2 172 2
3 172 3
4 172 4
5 173 5
6 173 6
7 173 7
8 173 8
9 174 10
10 174 11
11 175 12
12 176 13
13 177 14
14 177 15
15 178 16
16 179 17
17 180 19
18 181 20
19 182 21
20 183 22
21 184 23
22 185 24
23 186 25
24 188 26
25 189 28
26 191 29
27 192 30
28 194 31
29 196 32
30 198 33
31 200 34
32 202 35
33 204 37
34 206 38
35 209 39
36 211 40
37 214 41
38 217 42
39 220 43
40 223 44
41 226 46
42 230 47
43 233 48
44 237 49
45 241 50
46 245 51
47 250 52
48 255 53
49 259 55
50 264 56
51 270 57
52 276 58
53 282 59
54 288 60
55 296 61
56 302 62
57 310 64
58 319 65
59 328 66
60 337 67
61 347 68
62 358 69
63 369 70
64 381 71
65 395 73
66 410 74
67 424 75
68 442 76
69 460 77
70 480 78
71 501 79
72 526 80
