0 172 0
1 172 1
2 168 2
3 172 3
4 172 4
5 173 5
6 173 6
7 173 7
8 174 8
9 174 10
10 175 11
11 175 12
12 176 13
13 176 14
14 177 15
15 178 16
16 179 17
17 179 19
18 180 20
19 182 21
20 183 22
21 184 23
22 185 24
23 186 25
24 188 26
25 189 28
26 191 29
27 192 30
28 194 31
29 195 32
30 197 33
31 200 34
32 202 35
33 204 37
34 206 38
35 208 39
36 211 40
37 214 41
38 216 42
39 219 43
40 222 44
41 226 46
42 229 47
43 233 48
44 236 49
45 241 50
46 245 51
47 249 52
48 254 53
49 258 55
50 263 56
51 269 57
52 275 58
53 281 59
54 287 60
55 295 61
56 301 62
57 309 64
58 317 65
59 327 66
60 335 67
61 346 68
62 356 69
63 367 70
64 379 71
65 393 73
66 408 74
67 422 75
68 439 76
69 457 77
70 477 78
71 497 79
72 522 80
