0 167 0
1 167 1
2 167 2
3 167 3
4 167 4
5 167 5
6 167 6
7 168 7
8 168 8
9 169 10
10 169 11
11 170 12
12 170 13
13 171 14
14 172 15
15 172 16
16 173 17
17 174 19
18 175 20
19 176 21
20 177 22
21 178 23
22 180 24
23 181 25
24 182 26
25 183 28
26 185 29
27 186 30
28 188 31
29 190 32
30 192 33
31 194 34
32 196 35
33 198 37
34 200 38
35 202 39
36 205 40
37 207 41
38 210 42
39 213 43
40 216 44
41 219 46
42 222 47
43 226 48
44 229 49
45 233 50
46 237 51
47 241 52
48 246 53
49 251 55
50 256 56
51 261 57
52 266 58
53 272 59
54 278 60
55 284 61
56 291 62
57 298 64
58 307 65
59 315 66
60 324 67
61 334 68
62 343 69
63 354 70
64 365 71
65 379 73
66 392 74
67 406 75
68 423 76
69 440 77
70 458 78
71 479 79
72 503 80
73 527 82
