0 177 0
1 177 1
2 177 2
3 177 4
4 176 5
5 157 6
6 156 8
7 161 9
8 176 10
9 176 12
10 177 13
11 177 14
12 177 16
13 179 17
14 175 18
15 173 20
16 174 21
17 183 22
18 183 24
19 175 25
20 185 26
21 186 28
22 188 29
23 189 30
24 190 32
25 191 33
26 193 34
27 194 36
28 196 37
29 198 38
30 199 40
31 201 41
32 203 42
33 205 44
34 207 45
35 210 46
36 212 48
37 215 49
38 217 50
39 220 52
40 223 53
41 226 54
42 230 56
43 233 57
44 237 58
45 240 60
46 244 61
47 248 62
48 252 64
49 257 65
50 262 66
51 268 68
52 272 69
53 279 70
54 285 72
55 291 73
56 297 74
57 305 76
58 313 77
59 320 78
60 329 80
61 339 81
62 349 82
63 358 84
64 371 85
65 383 86
66 396 88
67 410 89
68 426 90
69 443 92
70 458 93
71 483 94
72 503 96
73 531 97
74 553 98
