0 145 0
1 145 1
2 145 2
3 145 4
4 145 5
5 145 7
7 146 10
8 146 11
9 146 13
10 147 14
11 147 16
12 148 17
13 148 19
14 149 20
15 150 22
16 151 23
17 151 25
18 152 26
20 154 29
19 153 27
21 155 30
22 156 32
23 157 33
24 158 35
25 160 36
27 162 39
28 164 41
29 165 42
30 167 44
31 169 45
32 170 47
34 174 50
33 172 48
35 176 51
36 178 52
37 181 54
38 183 55
39 185 57
40 188 58
41 191 60
42 194 61
43 197 63
44 200 64
45 203 66
46 207 67
47 211 69
48 215 70
50 223 73
49 219 72
51 228 75
52 233 76
53 238 77
54 244 79
55 250 80
56 256 82
57 262 83
58 269 85
59 278 86
61 294 89
62 303 91
63 313 92
64 324 94
65 335 95
67 361 98
68 376 100
