0 170 0
1 170 1
3 170 3
4 170 4
5 170 5
6 170 6
7 171 7
8 171 8
9 171 10
10 171 11
11 172 12
12 173 13
13 173 14
16 176 17
17 177 19
18 177 20
19 178 21
20 180 22
21 181 23
22 182 24
23 183 25
24 184 26
26 187 29
27 189 30
28 191 31
29 192 32
30 194 33
31 196 34
32 198 35
33 200 37
34 202 38
35 203 39
36 204 40
37 203 41
38 199 42
39 195 43
40 198 44
41 196 46
42 222 47
43 226 48
44 129 49
45 131 50
46 133 51
47 135 52
48 138 53
49 140 55
50 143 56
51 144 57
52 145 58
53 143 59
54 142 60
55 154 61
56 155 62
57 166 64
58 171 65
59 178 66
60 180 67
61 183 68
62 183 69
63 190 70
64 362 71
67 402 75
68 416 76
69 432 77
70 451 78
71 471 79
72 496 80
74 542 83
