0 176 0
1 178 1
2 178 2
3 178 4
4 175 5
5 177 6
6 178 8
7 179 9
8 179 10
9 164 12
10 162 13
11 182 14
12 183 16
13 183 17
14 184 18
15 185 20
16 186 21
17 187 22
18 188 24
19 189 25
20 190 26
21 191 28
22 192 29
23 194 30
24 195 32
25 196 33
26 198 34
27 200 36
28 197 37
29 199 38
30 205 40
31 207 41
32 209 42
33 211 44
34 213 45
35 216 46
36 219 48
37 222 49
38 224 50
39 227 52
40 231 53
41 234 54
42 237 56
43 241 57
44 245 58
45 249 60
46 254 61
47 257 62
48 263 64
49 267 65
50 273 66
51 278 68
52 284 69
53 291 70
54 297 72
55 304 73
56 311 74
57 320 76
58 328 77
59 337 78
60 346 80
61 357 81
62 367 82
63 379 84
64 392 85
65 405 86
66 420 88
67 434 89
68 454 90
69 471 92
70 492 93
71 515 94
72 540 96
73 569 97
74 597 98