7 177 9
10 178 13
12 179 16
13 179 17
14 180 18
15 181 20
16 181 21
17 182 22
19 184 25
21 186 28
22 187 29
23 188 30
24 189 32
27 193 36
28 195 37
29 196 38
30 198 40
31 200 41
32 202 42
33 204 44
34 206 45
35 208 46
36 210 48
37 213 49
38 215 50
39 218 52
40 221 53
41 224 54
42 227 56
43 230 57
44 234 58
45 237 60
46 241 61
47 245 62
48 250 64
49 253 65
50 259 66
51 263 68
52 269 69
53 273 70
54 280 72
55 286 73
56 292 74
57 299 76
58 306 77
59 315 78
60 322 80
61 331 81
62 341 82
63 351 84
64 361 85
65 373 86
66 386 88
67 398 89
68 414 90
69 429 92
70 447 93
71 462 94
72 486 96
73 508 97
74 532 98
