0 172 0
1 172 1
2 172 2
3 172 3
4 172 4
5 172 5
6 172 6
7 173 7
8 173 8
9 173 10
10 174 11
11 175 12
12 175 13
13 176 14
14 177 15
15 178 16
16 178 17
17 179 19
18 180 20
19 181 21
20 182 22
21 183 23
22 185 24
23 186 25
24 187 26
25 189 28
26 191 29
27 192 30
28 194 31
29 195 32
30 197 33
31 199 34
32 201 35
33 203 37
34 206 38
35 208 39
36 207 40
37 210 41
38 213 42
39 217 43
40 220 44
41 225 46
42 229 47
43 232 48
44 236 49
45 240 50
46 244 51
47 248 52
48 253 53
49 258 55
50 263 56
51 269 57
52 274 58
53 280 59
54 287 60
55 292 61
56 289 62
57 286 64
58 266 65
59 266 66
60 267 67
61 268 68
62 269 69
63 281 70
64 282 71
65 283 73
66 285 74
67 283 75
68 438 76
69 456 77
70 476 78
71 496 79
72 521 80
