0 177 0
1 177 1
2 177 2
3 177 4
4 177 5
5 177 6
6 178 8
7 178 9
8 178 10
9 179 12
10 179 13
11 180 15
12 181 16
13 181 17
14 182 19
15 183 20
16 184 21
17 185 23
18 185 24
19 187 26
21 189 28
22 190 30
23 192 31
24 193 32
25 195 34
26 196 35
27 198 36
28 200 38
29 201 39
30 203 41
31 205 42
33 210 45
35 215 47
36 217 49
37 220 50
38 223 52
39 226 53
40 229 54
41 233 56
42 236 57
43 240 58
44 244 60
45 248 61
46 253 63
47 257 64
48 262 65
49 267 67
50 273 68
51 278 69
52 285 71
53 291 72
54 297 73
55 305 75
56 313 76
57 322 78
58 329 79
59 339 80
60 350 82
61 360 83
62 371 84
63 383 86
64 397 87
65 409 89
67 442 91
68 461 93
69 479 94
70 502 95
71 527 97
72 553 98
73 583 100
