0 174 0
1 174 1
2 174 2
3 149 4
4 174 5
5 174 6
6 174 8
7 174 9
8 174 10
9 174 12
10 175 13
11 175 14
12 162 16
13 176 17
14 177 18
15 177 20
16 178 21
17 178 22
18 179 24
19 180 25
20 181 26
21 182 28
22 183 29
23 184 30
24 185 32
25 186 33
26 187 34
27 189 36
28 190 37
29 192 38
30 193 40
31 195 41
32 196 42
33 198 44
34 200 45
35 202 46
36 205 48
37 207 49
38 209 50
39 211 52
40 214 53
41 216 54
42 220 56
43 223 57
44 226 58
45 229 60
46 233 61
47 237 62
48 240 64
49 245 65
50 249 66
51 254 68
52 258 69
53 263 70
54 268 72
55 274 73
56 279 74
57 285 76
58 293 77
59 299 78
60 307 80
61 315 81
62 323 82
63 332 84
64 341 85
65 352 86
66 362 88
67 375 89
68 387 90
69 402 92
70 414 93
71 432 94
72 450 96
73 468 97
74 488 98
