1 177 1
0 177 0
2 177 2
3 177 4
4 177 5
5 177 6
7 178 9
6 178 8
8 178 10
9 179 12
10 179 13
11 180 15
12 181 16
13 181 17
14 182 19
15 183 20
16 184 21
18 186 24
19 187 26
20 188 27
22 190 30
23 192 31
24 193 32
25 194 34
26 196 35
28 200 38
29 201 39
30 203 41
31 205 42
32 208 43
34 212 46
35 215 47
36 217 49
37 221 50
38 223 52
39 226 53
40 229 54
41 233 56
42 237 57
43 240 58
44 244 60
45 248 61
46 253 63
48 263 65
49 268 67
50 273 68
51 279 69
52 285 71
54 298 73
55 306 75
56 314 76
57 323 78
58 331 79
59 341 80
60 351 82
61 361 83
62 373 84
64 399 87
65 411 89
66 428 90
68 464 93
69 483 94
70 505 95
71 531 97
72 556 98
