0 177 0
1 177 1
2 176 2
3 163 4
4 177 5
5 177 6
6 177 8
7 177 9
8 178 10
9 178 12
10 178 13
11 179 14
12 179 16
13 180 17
14 181 18
15 181 20
16 182 21
17 183 22
18 184 24
19 185 25
20 186 26
21 187 28
22 188 29
23 189 30
24 190 32
25 192 33
26 193 34
27 195 36
28 196 37
29 198 38
30 200 40
31 202 41
32 204 42
33 206 44
34 208 45
35 211 46
36 214 48
37 216 49
38 218 50
39 221 52
40 224 53
41 227 54
42 231 56
43 234 57
44 237 58
45 241 60
46 245 61
47 249 62
48 253 64
49 258 65
50 263 66
51 269 68
52 274 69
53 281 70
54 287 72
55 292 73
56 299 74
57 306 76
58 314 77
59 321 78
60 332 80
61 340 81
62 353 82
63 361 84
64 372 85
65 385 86
66 398 88
67 416 89
68 429 90
69 443 92
70 465 93
71 488 94
72 440 96
73 465 97
74 493 98
