0 177 0
1 177 2
2 177 5
3 177 7
4 177 10
5 178 12
6 179 15
7 180 17
8 181 20
9 183 23
10 185 25
11 187 28
12 189 30
13 192 33
14 194 35
15 197 38
16 201 41
17 204 43
18 208 46
19 213 48
20 218 51
21 224 53
22 230 56
23 237 58
24 245 61
25 254 64
28 284 71
29 298 74
30 313 76
31 329 79
32 347 82
33 368 84
34 393 87
35 419 89
36 454 92
37 492 94
38 539 97
0 177 0
1 177 2
2 177 5
3 177 7
4 177 10
5 178 12
6 179 15
7 180 17
8 181 20
9 183 23
10 185 25
11 187 28
12 189 30
13 192 33
14 194 35
15 197 38
16 201 41
17 204 43
18 208 46
19 213 48
20 218 51
21 224 53
22 230 56
23 237 58
24 245 61
25 254 64
26 263 66
27 273 69
28 284 71
29 298 74
30 313 76
31 329 79
32 347 82
33 368 84
34 393 87
35 419 89
36 454 92
37 492 94
38 539 97
