0 153 0
5 153 4
10 152 8
15 154 12
20 156 16
25 159 20
30 164 24
35 171 28
40 180 32
45 191 36
50 186 40
55 170 44
60 157 48
65 147 52
70 140 56
75 134 60
80 129 64
133 156 4
138 159 8
143 164 12
148 167 16
153 153 20
158 191 24
163 205 28
168 224 32
0 162 0
3 187 17
4 192 23
5 199 29
6 208 35
7 220 41
9 254 52
10 279 58
11 179 64
12 204 70
13 207 76
14 256 82
15 695 88
16 824 94
20 156 16
25 159 20
30 164 24
35 171 28
40 180 32
45 191 36
50 186 40
55 170 44
60 157 48
65 147 52
70 140 56
75 134 60
80 129 64
133 156 4
138 159 8
143 164 12
148 167 16
153 153 20
158 191 24
163 205 28
168 224 32
