0 153 0
5 152 4
10 152 8
15 154 12
20 156 16
25 160 20
30 165 24
35 171 28
40 180 32
45 191 36
50 186 40
55 170 44
60 157 48
65 147 52
70 139 56
75 134 60
80 129 64
133 156 4
138 159 8
143 164 12
148 166 16
153 153 20
158 191 24
163 206 28
168 224 32
0 153 0
3 153 2
5 152 4
6 152 4
9 152 7
10 152 8
12 153 9
15 154 12
18 155 14
20 156 16
21 157 16
24 159 19
25 160 20
27 162 21
30 165 24
33 168 26
35 171 28
36 173 28
39 178 31
40 180 32
42 184 33
45 191 36
48 194 38
50 186 40
51 182 40
54 172 43
55 170 44
57 164 45
60 157 48
63 151 50
65 147 52
66 145 52
69 141 55
70 139 56
72 137 57
75 133 60
78 131 62
80 129 64
131 155 2
133 156 4
134 156 4
137 159 7
138 159 8
140 161 9
143 164 12
146 168 14
148 166 16
149 161 16
152 147 19
153 153 20
155 166 21
158 191 24
161 199 26
163 206 28
164 209 28
167 220 31
168 224 32
170 233 33
