0 177 0
1 177 1
2 176 2
3 164 4
4 177 5
5 177 6
6 177 8
7 177 9
8 178 10
9 178 12
10 179 13
11 179 14
12 179 16
13 180 17
14 181 18
15 181 20
16 182 21
17 183 22
18 184 24
19 184 25
20 186 26
21 187 28
22 188 29
23 189 30
24 190 32
25 192 33
26 193 34
27 195 36
28 196 37
29 198 38
30 200 40
31 202 41
32 204 42
33 206 44
34 208 45
35 211 46
36 213 48
37 216 49
38 218 50
39 221 52
40 224 53
41 228 54
42 230 56
43 234 57
44 238 58
45 241 60
46 245 61
47 250 62
48 254 64
49 259 65
50 263 66
51 268 68
52 274 69
53 281 70
54 287 72
55 293 73
56 300 74
57 307 76
58 315 77
59 322 78
60 332 80
61 342 81
62 352 82
63 362 84
64 372 85
65 387 86
66 400 88
67 416 89
68 365 90
69 447 92
70 469 93
71 163 94
72 443 96
73 468 97
74 497 98
