0 177 0
1 177 1
2 177 2
3 177 4
4 176 5
5 156 6
6 159 8
7 176 9
8 176 10
9 176 12
10 177 13
11 177 14
12 178 16
13 179 17
14 174 18
15 173 20
16 177 21
17 183 22
18 183 24
19 173 25
20 186 26
21 187 28
22 188 29
23 189 30
24 190 32
25 191 33
26 193 34
27 195 36
28 196 37
29 198 38
30 200 40
31 201 41
32 203 42
33 206 44
34 208 45
35 210 46
36 213 48
37 215 49
38 218 50
39 221 52
40 224 53
41 227 54
42 230 56
43 186 57
44 189 58
45 193 60
46 196 61
47 200 62
48 171 64
49 164 65
50 161 66
51 158 68
52 147 69
53 144 70
54 155 72
55 161 73
56 205 74
57 215 76
58 314 77
59 321 78
60 331 80
61 340 81
62 351 82
63 360 84
64 372 85
65 385 86
66 398 88
67 414 89
68 428 90
69 445 92
70 462 93
71 485 94
72 506 96
73 532 97
74 558 98
