0 172 0
1 172 1
2 172 2
3 172 3
4 172 4
5 172 5
6 173 6
7 173 7
8 173 8
9 174 10
10 175 11
11 175 12
12 176 13
13 177 14
14 177 15
15 178 16
16 179 17
17 180 19
18 181 20
19 182 21
20 183 22
21 184 23
22 185 24
23 187 25
24 188 26
25 190 28
26 191 29
27 193 30
28 194 31
29 196 32
30 198 33
31 200 34
32 202 35
33 205 37
34 207 38
35 209 39
36 212 40
37 215 41
38 217 42
39 221 43
40 224 44
41 227 46
42 230 47
43 234 48
44 238 49
45 242 50
46 246 51
47 251 52
48 256 53
49 260 55
50 266 56
51 271 57
52 277 58
53 283 59
54 290 60
55 297 61
56 304 62
57 312 64
58 321 65
59 330 66
60 339 67
61 349 68
62 360 69
63 371 70
64 384 71
65 397 73
66 413 74
67 427 75
68 446 76
69 465 77
70 485 78
71 506 79
72 531 80
