0 178 0
1 179 1
2 179 2
3 179 4
4 179 5
5 179 6
6 180 8
7 180 9
8 180 10
9 181 12
10 181 13
11 182 14
12 183 16
13 184 17
14 184 18
15 185 20
16 186 21
17 187 22
18 188 24
19 189 25
20 190 27
21 192 28
22 193 29
23 194 31
24 196 32
25 197 33
26 199 35
27 201 36
28 203 37
29 205 39
30 207 40
31 209 41
32 211 43
33 213 44
34 214 45
35 218 47
36 221 48
37 224 50
38 227 51
39 134 52
40 136 54
41 138 55
42 140 56
43 142 58
44 145 59
45 148 60
46 150 62
47 152 63
48 150 64
49 152 66
50 154 67
51 153 68
52 169 70
53 173 71
54 178 72
55 176 74
56 187 75
57 191 77
58 197 78
59 202 79
60 235 81
61 252 82
62 260 83
63 258 85
64 258 86
65 257 87
66 256 89
67 256 90
68 255 91
69 255 93
70 516 94
71 541 95
72 570 97
73 596 98
