0 172 0
1 173 1
2 173 2
3 173 4
4 173 5
5 173 7
6 174 8
7 174 10
8 175 11
9 175 12
10 176 14
11 177 15
12 177 17
13 178 18
14 179 20
15 180 21
16 180 22
17 181 24
18 183 25
19 184 27
20 185 28
21 186 30
22 187 31
23 189 32
24 190 34
25 192 35
26 194 37
27 195 38
28 197 40
29 199 41
30 201 42
31 203 44
32 206 45
33 208 47
34 210 48
35 213 50
36 216 51
37 219 52
38 222 54
39 225 55
40 227 57
41 232 58
42 235 60
43 239 61
44 243 62
45 248 64
46 252 65
47 257 67
48 262 68
49 268 70
50 274 71
51 279 72
52 286 74
53 292 75
54 300 77
55 307 78
56 315 80
57 324 81
58 333 82
59 342 84
60 353 85
61 365 87
62 375 88
63 388 90
64 402 91
65 418 92
66 433 94
67 451 95
68 471 97
69 492 98
