1 174 1
2 174 2
3 174 4
4 174 5
5 174 6
6 174 8
7 174 9
8 174 10
9 175 12
10 175 13
11 175 14
12 176 16
13 177 17
14 177 18
15 178 20
16 178 21
17 179 22
18 180 24
19 181 25
20 182 26
21 183 28
22 183 29
23 185 30
24 186 32
25 187 33
26 188 34
27 190 36
28 191 37
29 193 38
30 194 40
31 196 41
32 198 42
33 200 44
34 202 45
35 204 46
36 206 48
37 208 49
38 211 50
39 213 52
40 216 53
41 219 54
42 222 56
43 225 57
44 228 58
45 232 60
46 235 61
47 240 62
48 243 64
49 248 65
50 253 66
51 257 68
52 262 69
53 267 70
54 273 72
55 278 73
56 284 74
57 291 76
58 298 77
59 305 78
60 313 80
61 322 81
62 330 82
63 340 84
64 350 85
65 361 86
66 372 88
67 385 89
68 399 90
69 413 92
70 429 93
71 445 94
72 466 96
73 483 97
74 508 98
