1 172 1
2 172 2
3 172 3
4 172 4
5 173 5
6 173 6
7 174 7
8 174 8
9 174 10
10 175 11
11 176 12
12 176 13
13 177 14
14 178 15
15 179 16
16 179 17
17 180 19
18 181 20
19 182 21
20 183 22
21 185 23
22 186 24
23 187 25
24 189 26
25 191 28
26 192 29
27 194 30
28 195 31
29 197 32
30 199 33
31 201 34
32 203 35
33 206 37
34 208 38
35 211 39
36 213 40
37 216 41
38 219 42
39 222 43
40 225 44
41 229 46
42 232 47
43 236 48
44 240 49
45 244 50
46 249 51
47 253 52
48 258 53
49 263 55
50 269 56
51 275 57
52 280 58
53 287 59
54 294 60
55 301 61
56 308 62
57 317 64
58 326 65
59 335 66
60 345 67
61 355 68
62 367 69
63 378 70
64 391 71
65 406 73
66 421 74
67 438 75
68 455 76
69 476 77
70 496 78
71 520 79
72 548 80
