0 153 0
3 153 2
6 152 5
9 152 7
12 153 10
15 154 12
18 155 15
21 157 18
24 159 20
27 159 23
30 162 25
33 165 28
36 169 31
39 173 33
42 179 36
45 185 38
48 192 41
131 155 2
134 156 5
137 158 7
140 161 10
143 164 12
146 168 15
149 162 18
152 151 20
155 166 23
158 190 25
161 198 28
0 153 0
3 153 2
6 152 5
9 152 7
12 153 10
15 154 12
18 155 15
21 157 18
24 159 20
27 159 23
30 162 25
33 165 28
36 169 31
39 173 33
42 179 36
45 185 38
48 192 41
131 155 2
134 156 5
137 158 7
140 161 10
143 164 12
146 168 15
149 162 18
152 151 20
155 166 23
158 190 25
161 198 28
0 153 0
3 153 2
6 152 5
9 152 7
12 153 10
15 154 12
18 155 15
21 157 18
24 142 20
27 119 23
30 114 25
33 111 28
36 124 31
39 179 33
42 185 36
45 192 38
48 193 41
51 182 43
54 172 46
60 156 51
63 150 54
66 145 56
69 140 59
72 136 62
75 133 64
78 130 67
131 155 2
134 156 5
137 158 7
140 22 10
143 164 12
146 168 15
149 162 18
152 151 20
155 164 23
158 190 25
161 199 28
