0 174 0
1 174 1
2 173 2
3 173 4
4 173 5
5 173 6
6 173 8
7 174 9
8 174 10
9 174 12
10 175 13
11 175 14
12 174 16
13 176 17
14 177 18
15 177 20
16 178 21
17 179 22
18 179 24
19 180 25
20 181 26
21 182 28
22 183 29
23 184 30
24 185 32
25 186 33
26 188 34
27 189 36
28 191 37
29 192 38
30 194 40
31 195 41
32 197 42
33 199 44
34 201 45
35 203 46
36 205 48
37 207 49
38 210 50
39 212 52
40 215 53
41 217 54
42 220 56
43 224 57
44 226 58
45 230 60
46 234 61
47 237 62
48 241 64
49 246 65
50 250 66
51 255 68
52 259 69
53 264 70
54 270 72
55 275 73
56 281 74
57 287 76
58 294 77
59 301 78
60 309 80
61 317 81
62 325 82
63 335 84
64 344 85
65 355 86
66 365 88
67 379 89
68 391 90
69 405 92
70 419 93
71 436 94
72 456 96
73 473 97
74 496 98
