0 172 0
1 172 1
2 172 2
3 172 4
4 172 5
5 172 6
6 58 8
7 172 9
8 172 10
9 172 12
10 172 13
11 173 14
12 158 16
13 174 17
14 174 18
15 175 20
16 176 21
17 176 22
18 177 24
19 178 25
20 179 26
21 179 28
22 180 29
23 181 30
24 182 32
25 184 33
26 185 34
27 186 36
28 187 37
29 189 38
30 190 40
31 192 41
32 194 42
33 195 44
34 197 45
35 199 46
36 201 48
37 203 49
38 206 50
39 208 52
40 210 53
41 212 54
42 216 56
43 219 57
44 221 58
45 225 60
46 228 61
47 232 62
48 235 64
49 240 65
50 244 66
51 248 68
52 252 69
53 258 70
54 263 72
55 267 73
56 273 74
57 279 76
58 285 77
59 291 78
60 299 80
61 307 81
62 315 82
63 323 84
64 332 85
65 342 86
66 352 88
67 363 89
68 375 90
69 389 92
70 401 93
71 417 94
72 433 96
73 450 97
74 470 98
