0 176 0
1 177 1
2 178 2
3 178 4
4 178 5
5 178 6
6 178 8
7 178 9
8 179 10
9 180 12
10 181 13
11 164 14
12 182 16
13 183 17
14 181 18
15 184 20
16 185 21
17 186 22
18 187 24
19 188 25
20 189 26
21 190 28
22 191 29
23 193 30
24 194 32
25 195 33
26 197 34
27 198 36
28 200 37
29 196 38
30 204 40
31 206 41
32 208 42
33 210 44
34 212 45
35 215 46
36 217 48
37 220 49
38 223 50
39 226 52
40 229 53
41 232 54
42 236 56
43 239 57
44 243 58
45 246 60
46 251 61
47 255 62
48 259 64
49 265 65
50 269 66
51 275 68
52 280 69
53 287 70
54 293 72
55 300 73
56 306 74
57 314 76
58 322 77
59 325 78
60 341 80
61 350 81
62 360 82
63 366 84
64 369 85
65 383 86
66 387 88
67 410 89
68 408 90
69 461 92
70 477 93
71 501 94
72 523 96
73 550 97
74 575 98
