1 172 1
2 171 2
3 171 4
4 171 5
5 171 6
6 171 8
7 171 9
8 172 10
9 172 12
10 172 13
11 158 14
12 173 16
13 174 17
14 175 18
15 175 20
16 176 21
17 176 22
18 177 24
19 178 25
20 179 26
21 180 28
22 181 29
23 182 30
24 183 32
25 184 33
26 186 34
27 187 36
28 189 37
29 190 38
30 192 40
31 194 41
32 195 42
33 197 44
34 199 45
35 201 46
36 203 48
37 205 49
38 208 50
39 210 52
40 213 53
41 215 54
42 219 56
43 221 57
44 225 58
45 228 60
46 232 61
47 236 62
48 239 64
49 244 65
50 248 66
51 253 68
52 258 69
53 263 70
54 267 72
55 273 73
56 279 74
57 285 76
58 291 77
59 299 78
60 308 80
61 314 81
62 324 82
63 333 84
64 343 85
65 352 86
66 364 88
67 377 89
68 389 90
69 403 92
70 418 93
71 435 94
72 451 96
73 472 97
74 493 98
