0 173 0
1 173 1
2 173 2
3 173 3
4 173 4
5 173 5
6 173 6
7 173 7
8 174 8
9 174 10
10 175 11
11 175 12
12 176 13
13 177 14
14 177 15
15 178 16
16 179 17
17 180 19
18 181 20
19 182 21
20 183 22
21 184 23
22 185 24
23 186 25
24 188 26
25 189 28
26 191 29
27 192 30
28 194 31
29 196 32
30 197 33
31 199 34
32 201 35
33 203 37
34 205 38
35 207 39
36 210 40
37 212 41
38 215 42
39 218 43
40 221 44
41 224 46
42 227 47
43 231 48
44 234 49
45 238 50
46 242 51
47 247 52
48 251 53
49 256 55
50 261 56
51 266 57
52 271 58
53 277 59
54 283 60
55 288 61
56 295 62
57 303 64
59 320 66
60 329 67
61 338 68
62 347 69
63 357 70
64 369 100
