0 175 0
1 177 1
2 177 2
3 177 4
4 178 5
5 178 6
6 179 8
7 179 9
8 179 10
9 181 12
10 181 13
11 164 14
12 183 16
13 183 17
14 181 18
15 185 20
16 185 21
17 186 22
18 187 24
19 188 25
20 189 26
21 191 28
22 192 29
23 193 30
24 194 32
25 196 33
26 197 34
27 199 36
28 201 37
29 203 38
30 205 40
31 206 41
32 208 42
33 210 44
34 213 45
35 215 46
36 218 48
37 221 49
38 224 50
39 226 52
40 229 53
41 233 54
42 236 56
43 240 57
44 243 58
45 247 60
46 251 61
47 256 62
48 260 64
49 265 65
50 271 66
51 276 68
52 281 69
53 287 70
54 294 72
55 301 73
56 308 74
57 316 76
58 324 77
59 333 78
60 341 80
61 352 81
62 362 82
63 374 84
64 386 85
65 400 86
66 413 88
67 428 89
68 445 90
69 464 92
70 483 93
71 504 94
72 531 96
73 555 97
74 586 98
