0 172 0
1 171 1
2 171 2
3 171 4
4 174 5
5 173 6
6 174 8
7 174 9
8 174 10
9 174 12
10 175 13
11 175 14
12 176 16
13 176 17
14 177 18
15 178 20
16 178 21
17 179 22
18 180 24
19 181 25
20 182 26
21 183 28
22 184 29
23 185 30
24 186 32
25 188 33
26 189 34
27 190 36
28 192 37
29 193 38
30 195 40
31 197 41
32 199 42
33 201 44
34 203 45
35 205 46
36 207 48
37 210 49
38 212 50
39 215 52
40 217 53
41 220 54
42 223 56
43 226 57
44 230 58
45 233 60
46 237 61
47 241 62
48 246 64
49 249 65
50 254 66
51 259 68
52 264 69
53 269 70
54 275 72
55 281 73
56 286 74
57 294 76
58 301 77
59 308 78
60 316 80
61 325 81
62 335 82
63 343 84
64 355 85
65 365 86
66 378 88
67 389 89
68 405 90
69 419 92
70 435 93
71 453 94
72 472 96
73 495 97
74 516 98
