0 177 0
1 177 1
2 177 2
3 177 4
4 177 5
5 177 6
6 177 8
7 178 9
8 178 10
9 179 12
10 179 13
11 180 15
12 181 16
13 182 17
14 182 19
15 183 20
16 184 21
17 185 23
18 186 24
19 187 26
20 188 27
21 189 28
22 190 30
23 192 31
24 193 32
25 195 34
26 196 35
27 198 36
28 200 38
29 202 39
30 204 41
31 206 42
32 208 43
33 211 45
34 213 46
35 216 47
36 218 49
37 221 50
38 224 52
39 227 53
40 230 54
41 233 56
42 237 57
43 241 58
44 245 60
45 250 61
46 255 63
47 259 64
48 264 65
49 270 67
50 275 68
51 281 69
52 288 71
53 294 72
54 301 73
55 309 75
56 317 76
57 326 78
58 335 79
59 344 80
60 355 82
61 365 83
62 377 84
63 389 86
64 404 87
65 417 89
66 432 90
67 452 91
68 470 93
69 491 94
70 514 95
71 541 97
72 567 98
73 601 100
