0 169 0
1 172 1
2 172 2
3 172 4
4 172 5
5 172 6
6 172 8
7 172 9
8 172 10
9 173 12
10 173 13
11 173 14
12 174 16
13 175 17
14 175 18
15 176 20
16 176 21
17 176 22
18 178 24
19 178 25
20 179 26
21 180 28
22 181 29
23 182 30
24 183 32
25 184 33
26 186 34
27 187 36
28 188 37
29 190 38
30 191 40
31 193 41
32 195 42
33 196 44
34 198 45
35 200 46
36 202 48
37 204 49
38 207 50
39 209 52
40 211 53
41 214 54
42 217 56
43 220 57
44 223 58
45 226 60
46 230 61
47 233 62
48 237 64
49 241 65
50 245 66
51 250 68
52 254 69
53 259 70
54 264 72
55 269 73
56 275 74
57 281 76
58 287 77
59 294 78
60 301 80
61 308 81
62 317 82
63 325 84
64 335 85
65 344 86
66 355 88
67 366 89
68 378 90
69 391 92
70 405 93
71 421 94
72 435 96
73 455 97
74 473 98
