0 172 0
1 172 1
2 172 2
3 171 4
4 171 5
5 171 6
6 172 8
7 172 9
8 172 10
9 172 12
10 173 13
11 173 14
12 173 16
13 174 17
14 174 18
15 175 20
16 176 21
17 176 22
18 177 24
19 178 25
20 178 26
21 180 28
22 180 29
23 181 30
24 182 32
25 184 33
26 185 34
27 186 36
28 187 37
29 189 38
30 191 40
31 192 41
32 194 42
33 196 44
34 197 45
35 199 46
36 202 48
37 203 49
38 206 50
39 208 52
40 210 53
41 213 54
42 216 56
43 219 57
44 222 58
45 225 60
46 229 61
47 232 62
48 236 64
49 240 65
50 244 66
51 249 68
52 253 69
53 258 70
54 263 72
55 268 73
56 274 74
57 279 76
58 286 77
59 292 78
60 300 80
61 308 81
62 316 82
63 324 84
64 333 85
65 344 86
66 353 88
67 365 89
68 377 90
69 390 92
70 403 93
71 419 94
72 436 96
73 452 97
74 473 98
