0 172 0
1 172 1
2 172 2
3 172 3
4 173 4
5 173 5
6 173 6
7 173 7
8 174 8
9 174 10
10 175 11
11 175 12
12 176 13
13 177 14
14 177 15
15 178 16
16 179 17
17 180 19
18 181 20
19 182 21
20 183 22
21 184 23
22 185 24
23 187 25
24 188 26
25 190 28
26 191 29
27 193 30
28 195 31
29 197 32
30 198 33
31 201 34
32 203 35
33 205 37
34 207 38
35 210 39
36 212 40
37 215 41
38 218 42
39 221 43
40 224 44
41 227 46
42 231 47
43 234 48
44 239 49
45 243 50
46 247 51
47 252 52
48 256 53
49 261 55
50 266 56
51 273 57
52 278 58
53 284 59
54 291 60
55 299 61
56 305 62
57 313 64
58 322 65
59 332 66
60 341 67
61 351 68
62 363 69
63 374 70
64 386 71
65 400 73
66 416 74
67 431 75
68 449 76
69 468 77
70 488 78
71 511 79
72 536 80
