0 170 0
1 170 1
2 170 2
3 170 3
4 170 4
5 170 5
6 170 6
7 170 7
8 171 8
9 171 10
10 171 11
11 172 12
12 173 13
13 173 14
14 174 15
15 175 16
16 175 17
17 176 19
18 177 20
19 178 21
20 179 22
22 181 24
23 183 25
24 184 26
25 185 28
26 187 29
27 188 30
28 190 31
29 191 32
30 193 33
31 195 34
32 197 35
33 199 37
35 203 39
36 204 40
37 206 41
38 202 42
39 204 43
40 197 44
41 197 46
42 216 47
43 225 48
45 130 50
46 133 51
47 135 52
48 137 53
49 136 55
50 136 56
51 138 57
52 133 58
53 151 59
54 153 60
56 153 62
57 151 64
58 161 65
59 158 66
60 169 67
61 171 68
62 189 69
64 202 71
65 368 73
66 381 74
67 395 75
68 410 76
69 424 77
70 442 78
71 461 79
72 482 80
74 530 83
