0 175 0
1 177 1
2 178 2
3 178 4
4 178 5
5 178 6
6 178 8
7 179 9
8 179 10
9 181 12
10 181 13
11 164 14
12 182 16
13 183 17
14 183 18
15 185 20
16 185 21
17 186 22
18 187 24
19 188 25
20 189 26
21 190 28
22 191 29
23 193 30
24 194 32
25 195 33
26 197 34
27 199 36
28 200 37
29 196 38
30 204 40
31 206 41
32 208 42
33 210 44
34 212 45
35 215 46
36 217 48
37 220 49
38 223 50
39 226 52
40 229 53
41 232 54
42 235 56
43 238 57
44 242 58
45 246 60
46 251 61
47 254 62
48 259 64
49 264 65
50 269 66
51 275 68
52 280 69
53 286 70
54 292 72
55 299 73
56 307 74
57 315 76
58 322 77
59 327 78
60 340 80
61 350 81
62 360 82
63 366 84
64 369 85
65 383 86
66 388 88
67 406 89
68 408 90
69 460 92
70 477 93
71 500 94
72 522 96
73 548 97
74 576 98
