0 168 0
1 169 2
2 169 4
3 170 6
4 171 9
5 172 11
6 173 13
7 175 15
8 177 18
9 179 20
10 181 22
11 184 25
12 187 27
13 190 29
14 194 31
15 198 34
16 202 36
17 208 38
18 212 40
19 218 43
20 225 45
21 233 47
22 241 50
23 250 52
24 260 54
25 271 56
26 283 59
27 298 61
28 315 63
29 332 65
30 352 68
31 377 70
32 404 72
33 436 75
34 473 77
35 523 79
36 580 81
37 654 84
38 749 100
0 168 0
1 168 2
2 169 4
3 170 6
4 171 9
5 172 11
6 173 13
7 175 15
8 177 18
9 179 20
10 181 22
11 184 25
12 187 27
13 190 29
14 194 31
15 198 34
16 203 36
17 208 38
18 213 40
19 219 43
20 225 45
21 233 47
22 241 50
23 250 52
24 261 54
25 271 56
26 284 59
27 298 61
28 317 63
29 333 65
30 353 68
31 379 70
32 405 72
33 438 75
34 476 77
35 526 79
36 584 81
37 659 84
38 755 100
