0 175 0
1 177 1
2 177 2
3 178 4
4 178 5
5 177 6
6 178 8
7 179 9
8 179 10
9 179 12
10 164 13
11 162 14
12 182 16
13 183 17
14 184 18
15 184 20
16 185 21
17 186 22
18 187 24
19 188 25
20 189 26
21 190 28
22 191 29
23 193 30
24 194 32
25 195 33
26 197 34
27 198 36
28 200 37
29 202 38
30 204 40
31 206 41
32 207 42
33 209 44
34 212 45
35 214 46
36 217 48
37 220 49
38 222 50
39 225 52
40 228 53
41 231 54
42 235 56
43 238 57
44 242 58
45 246 60
46 250 61
47 254 62
48 259 64
49 263 65
50 268 66
51 274 68
52 279 69
53 285 70
54 291 72
55 298 73
56 305 74
57 312 76
58 321 77
59 329 78
60 338 80
61 347 81
62 359 82
63 368 84
64 381 85
65 394 86
66 407 88
67 422 89
68 437 90
69 456 92
70 473 93
71 495 94
72 518 96
73 545 97
74 572 98
