0 179 0
1 179 1
2 179 2
3 179 4
4 179 5
5 179 6
6 180 8
7 180 9
8 181 10
9 181 12
10 182 13
11 182 14
12 183 16
13 184 17
14 184 18
15 185 20
16 186 21
17 187 22
18 188 24
19 189 25
20 190 27
21 191 28
22 193 29
23 194 31
24 195 32
25 196 33
26 198 35
27 200 36
28 202 37
29 204 39
30 206 40
31 207 41
32 209 43
33 212 44
34 214 45
35 216 47
36 219 48
37 222 50
38 225 51
39 228 52
40 231 54
41 234 55
42 238 56
43 242 58
44 245 59
45 250 60
46 254 62
47 259 63
48 263 64
49 268 66
50 273 67
51 279 68
52 285 70
53 290 71
54 298 72
55 304 74
56 312 75
57 319 77
58 329 78
59 338 79
60 346 81
61 357 82
62 367 83
63 381 85
64 391 86
65 407 87
66 420 89
67 437 90
68 454 91
69 473 93
70 493 94
71 516 95
72 543 97
73 569 98
