0 175 0
1 174 1
2 174 2
3 151 4
4 174 5
5 174 6
6 174 8
7 174 9
8 175 10
9 175 12
10 175 13
11 175 14
12 174 16
13 177 17
14 177 18
15 178 20
16 178 21
17 179 22
18 180 24
19 181 25
20 182 26
21 183 28
22 184 29
23 185 30
24 186 32
25 187 33
26 188 34
27 190 36
28 191 37
29 193 38
30 194 40
31 196 41
32 198 42
33 200 44
34 202 45
35 203 46
36 206 48
37 208 49
38 210 50
39 213 52
40 216 53
41 218 54
42 222 56
43 225 57
44 228 58
45 231 60
46 235 61
47 239 62
48 242 64
49 247 65
50 251 66
51 256 68
52 260 69
53 266 70
54 271 72
55 276 73
56 283 74
57 289 76
58 297 77
59 303 78
60 311 80
61 319 81
62 328 82
63 337 84
64 347 85
65 359 86
66 369 88
67 382 89
68 394 90
69 409 92
70 423 93
71 442 94
72 460 96
73 479 97
74 501 98
