0 177 0
1 177 1
2 176 2
3 172 4
4 177 5
5 177 6
6 177 8
7 177 9
8 178 10
9 178 12
10 178 13
11 179 14
12 179 16
13 180 17
14 181 18
15 181 20
16 182 21
17 183 22
18 184 24
19 185 25
20 186 26
21 187 28
22 188 29
23 189 30
24 190 32
25 192 33
26 193 34
27 195 36
28 196 37
29 198 38
30 200 40
31 202 41
32 204 42
33 206 44
34 208 45
35 211 46
36 213 48
37 216 49
38 219 50
39 222 52
40 224 53
41 228 54
42 231 56
43 235 57
44 238 58
45 242 60
46 245 61
47 249 62
48 254 64
49 259 65
50 263 66
51 270 68
52 275 69
53 281 70
54 288 72
55 293 73
56 300 74
57 307 76
58 315 77
59 322 78
60 333 80
61 343 81
62 354 82
63 364 84
64 374 85
65 386 86
66 401 88
67 417 89
68 431 90
69 381 92
70 858 93
71 902 94
72 444 96
73 469 97
74 498 98
