0 175 0
1 175 1
2 174 2
3 174 4
4 174 5
5 174 6
6 174 8
7 175 9
8 175 10
9 175 12
10 176 13
11 176 14
12 177 16
13 177 17
14 178 18
15 178 20
16 179 21
17 180 22
18 181 24
19 181 25
20 182 26
21 183 28
22 184 29
23 186 30
24 187 32
25 188 33
26 189 34
27 191 36
28 192 37
29 194 38
30 195 40
31 197 41
32 199 42
33 201 44
34 203 45
35 205 46
36 207 48
37 209 49
38 212 50
39 214 52
40 217 53
41 220 54
42 223 56
43 227 57
44 229 58
45 233 60
46 237 61
47 241 62
48 245 64
49 249 65
50 254 66
51 258 68
52 264 69
53 269 70
54 274 72
55 280 73
56 287 74
57 293 76
58 300 77
59 308 78
60 316 80
61 325 81
62 333 82
63 343 84
64 353 85
65 365 86
66 375 88
67 389 89
68 403 90
69 417 92
70 434 93
71 451 94
72 472 96
73 490 97
74 516 98
