0 177 0
1 177 1
2 178 2
3 177 4
4 177 5
5 177 6
6 178 8
7 178 9
8 178 10
9 179 12
10 180 13
11 180 15
12 181 16
13 181 17
14 182 19
15 183 20
16 184 21
17 185 23
18 185 24
19 186 26
20 187 27
21 188 28
22 190 30
23 190 31
24 192 32
25 194 34
26 196 35
27 197 36
28 198 38
29 200 39
30 202 41
31 205 42
32 206 43
33 209 45
34 210 46
35 213 47
36 215 49
37 217 50
38 222 52
39 224 53
40 225 54
41 230 56
42 234 57
43 237 58
44 239 60
45 246 61
46 250 63
47 254 64
48 258 65
49 264 67
50 268 68
51 274 69
52 280 71
53 286 72
54 292 73
55 296 75
56 307 76
57 312 78
58 323 79
59 331 80
60 339 82
61 348 83
62 361 84
63 372 86
64 383 87
65 397 89
66 413 90
67 427 91
68 443 93
69 461 94
70 483 95
71 502 97
72 524 98
73 557 100
