0 176 0
1 176 1
2 176 2
3 176 4
4 176 5
5 156 6
6 159 8
7 173 9
8 176 10
9 176 12
10 176 13
11 177 14
12 177 16
13 178 17
14 174 18
15 173 20
16 176 21
17 183 22
18 183 24
19 172 25
20 185 26
21 184 28
22 187 29
23 189 30
24 190 32
25 191 33
26 193 34
27 194 36
28 196 37
29 198 38
30 200 40
31 201 41
32 203 42
33 205 44
34 207 45
35 210 46
36 213 48
37 215 49
38 218 50
39 221 52
40 224 53
41 227 54
42 230 56
43 233 57
44 237 58
45 240 60
46 244 61
47 248 62
48 252 64
49 258 65
50 262 66
51 268 68
52 273 69
53 280 70
54 286 72
55 293 73
56 298 74
57 306 76
58 313 77
59 320 78
60 331 80
61 341 81
62 352 82
63 361 84
64 371 85
65 383 86
66 789 88
67 821 89
68 427 90
69 443 92
70 464 93
71 552 94
72 582 96
73 921 97
74 977 98
