0 177 0
1 177 1
2 177 2
3 177 4
4 177 5
5 177 6
6 177 8
7 178 9
8 178 10
9 179 12
10 179 13
11 180 15
12 181 16
14 182 19
15 183 20
16 184 21
17 185 23
18 186 24
19 187 26
20 188 27
21 189 28
22 190 30
23 192 31
24 193 32
25 195 34
26 196 35
27 198 36
28 200 38
29 201 39
30 203 41
31 205 42
32 208 43
33 210 45
34 213 46
35 215 47
36 218 49
37 221 50
38 223 52
39 227 53
40 229 54
41 233 56
42 237 57
43 240 58
44 245 60
45 248 61
46 253 63
47 258 64
48 263 65
49 268 67
50 274 68
51 279 69
52 286 71
53 293 72
54 299 73
55 306 75
56 314 76
57 323 78
58 331 79
59 342 80
60 352 82
61 362 83
62 373 84
63 386 86
64 399 87
65 412 89
66 429 90
67 446 91
68 465 93
69 484 94
70 508 95
71 504 97
72 496 98
73 497 100
