0 146 0
1 145 1
2 146 2
3 146 4
4 146 5
5 146 6
6 146 8
7 147 9
8 147 10
9 147 12
10 148 13
11 148 14
12 149 16
13 149 17
14 150 18
15 151 20
16 151 21
17 152 22
18 153 24
19 154 25
20 155 26
21 156 28
22 157 29
23 158 30
24 159 32
25 160 33
26 161 34
27 163 36
28 164 37
29 166 38
30 167 40
31 169 41
32 170 42
33 172 44
34 174 45
35 176 46
36 178 48
37 180 49
38 183 50
39 185 52
40 187 53
41 190 54
42 193 56
43 196 57
44 199 58
45 202 60
46 206 61
47 210 62
48 214 64
49 218 65
50 222 66
51 227 68
52 232 69
53 237 70
54 242 72
55 247 73
56 253 74
57 260 76
58 266 77
59 273 78
60 282 80
61 290 81
62 299 82
63 309 84
64 319 85
65 329 86
66 341 88
67 356 89
68 371 90
69 385 92
70 400 93
71 419 94
72 441 96
73 465 97
74 486 98
75 517 100
