0 179 0
1 179 1
2 179 2
3 179 4
4 179 5
5 179 6
6 179 8
7 180 9
8 180 10
9 174 12
10 181 13
11 182 14
12 183 16
13 183 17
14 184 18
15 185 20
16 185 21
17 186 22
18 187 24
19 188 25
20 189 27
21 190 28
22 192 29
23 193 31
24 194 32
25 195 33
26 197 35
27 199 36
28 200 37
29 202 39
30 204 40
31 206 41
32 208 43
33 210 44
34 212 45
35 215 47
36 217 48
37 220 50
38 223 51
39 225 52
40 229 54
41 232 55
42 235 56
43 239 58
44 243 59
45 246 60
46 251 62
47 255 63
48 259 64
49 264 66
50 269 67
51 275 68
52 281 70
53 286 71
54 292 72
55 299 74
56 307 75
57 314 77
58 323 78
59 331 79
60 340 81
61 349 82
62 360 83
63 371 85
64 384 86
65 397 87
66 410 89
67 425 90
68 440 91
69 460 93
70 478 94
71 500 95
72 523 97
73 551 98
