0 177 0
1 177 1
2 176 2
3 176 4
4 176 5
5 177 6
6 177 8
7 177 9
8 178 10
9 178 12
10 178 13
11 179 14
12 179 16
13 180 17
14 181 18
15 181 20
16 182 21
17 183 22
18 183 24
19 184 25
20 185 26
21 186 28
22 187 29
23 188 30
24 190 32
25 191 33
26 193 34
27 194 36
28 196 37
29 197 38
30 199 40
31 201 41
32 203 42
33 205 44
34 207 45
35 210 46
36 212 48
37 214 49
38 217 50
39 220 52
40 223 53
41 225 54
42 229 56
43 232 57
44 236 58
45 239 60
46 243 61
47 247 62
48 251 64
49 256 65
50 261 66
51 266 68
52 271 69
53 277 70
54 283 72
55 290 73
56 295 74
57 303 76
58 312 77
59 318 78
60 326 80
61 336 81
62 347 82
63 356 84
64 367 85
65 379 86
66 391 88
67 405 89
68 422 90
69 439 92
70 452 93
71 475 94
72 497 96
73 525 97
74 557 98
