0 177 0
1 178 1
2 177 2
3 177 4
4 178 5
5 178 7
6 178 8
7 179 10
8 178 11
9 179 13
10 179 14
11 180 16
12 180 17
13 182 19
14 182 20
15 182 22
16 184 23
17 184 25
18 185 26
19 186 27
20 187 29
21 188 30
22 189 32
23 191 33
24 191 35
25 193 36
26 194 38
27 196 39
28 198 41
29 200 42
30 201 44
31 203 45
32 205 47
33 207 48
34 208 50
35 212 51
36 215 52
37 217 54
38 220 55
39 224 57
40 226 58
42 234 61
43 235 63
44 240 64
45 244 66
46 249 67
47 251 69
48 257 70
49 261 72
50 268 73
51 274 75
52 277 76
53 285 77
54 290 79
55 296 80
56 302 82
57 309 83
58 319 85
59 329 86
60 338 88
61 347 89
62 356 91
63 367 92
64 381 94
65 392 95
66 406 97
67 421 98
68 435 100
