0 172 0
1 172 1
2 170 2
3 172 3
4 172 4
5 172 5
6 173 6
7 173 7
8 173 8
9 174 10
10 175 11
11 175 12
12 176 13
13 176 14
14 177 15
15 178 16
16 179 17
17 179 19
18 180 20
19 181 21
20 182 22
21 183 23
22 185 24
23 186 25
24 187 26
25 189 28
26 191 29
27 192 30
28 194 31
29 195 32
30 197 33
31 199 34
32 201 35
33 204 37
34 206 38
35 208 39
36 211 40
37 213 41
38 216 42
39 219 43
40 222 44
41 225 46
42 229 47
43 232 48
44 236 49
45 240 50
46 244 51
47 249 52
48 254 53
49 258 55
50 263 56
51 268 57
52 274 58
53 280 59
54 287 60
55 293 61
56 301 62
57 308 64
58 316 65
59 326 66
60 335 67
61 344 68
62 355 69
63 366 70
64 378 71
65 391 73
66 406 74
67 420 75
68 436 76
69 454 77
70 475 78
71 495 79
72 519 80
73 546 82
