0 166 0
1 167 6
2 170 13
3 173 20
4 178 26
5 185 33
6 193 40
7 199 46
8 212 53
9 228 60
10 248 66
11 272 73
12 309 80
13 361 86
14 434 93
15 550 100
0 178 0
1 167 6
2 170 13
3 173 20
4 178 26
5 181 3
6 193 40
7 199 46
8 212 53
9 228 60
10 183 6
11 272 73
12 309 80
13 361 86
14 434 93
15 184 10
20 173 13
25 202 17
30 212 20
35 224 23
40 241 27
45 262 30
50 290 34
55 329 37
60 315 41
65 303 44
70 294 47
75 287 51
80 142 54
133 160 3
138 191 6
143 182 10
148 185 13
153 174 17
158 184 20
163 203 23
168 194 27
