0 178 0
4 179 2
8 145 5
12 183 8
16 252 10
20 188 13
24 198 16
28 205 19
32 213 21
36 224 24
40 237 27
44 253 30
48 272 32
52 297 35
56 328 38
60 319 41
64 307 43
68 359 46
72 293 49
76 288 52
80 143 54
132 179 2
136 139 5
140 180 8
144 182 10
148 185 13
152 169 16
156 168 19
160 175 21
164 193 24
168 188 27
0 178 0
4 179 2
5 181 3
8 145 5
10 135 6
12 183 8
15 183 10
16 252 10
20 187 13
24 198 16
25 201 17
28 205 19
30 211 20
32 213 21
35 222 23
36 224 24
40 239 27
44 253 30
45 261 30
48 272 32
50 287 34
52 297 35
55 325 37
56 328 38
60 317 41
64 307 43
65 305 44
68 359 46
70 295 47
72 293 49
75 289 51
76 288 52
80 76 54
132 179 2
133 161 3
136 139 5
138 199 6
140 180 8
143 182 10
144 182 10
148 185 13
152 169 16
153 165 17
156 168 19
158 171 20
160 175 21
163 181 23
164 193 24
168 187 27
0 178 0
4 179 2
5 181 3
8 145 5
10 135 6
12 183 8
15 183 10
16 252 10
20 187 13
24 198 16
25 201 17
28 205 19
30 211 20
32 213 21
35 222 23
36 224 24
40 239 27
44 253 30
45 261 30
48 272 32
50 287 34
52 297 35
55 325 37
56 328 38
60 317 41
64 307 43
65 305 44
68 359 46
70 295 47
72 293 49
75 289 51
76 288 52
80 76 54
132 179 2
133 161 3
136 139 5
138 199 6
140 180 8
143 182 10
144 182 10
148 185 13
152 169 16
153 165 17
156 168 19
158 171 20
160 175 21
163 181 23
164 193 24
168 187 27
