0 477 0
1 473 1
2 469 3
3 466 5
4 464 7
5 461 9
6 459 11
7 457 12
8 455 14
9 453 16
10 451 18
11 449 20
12 447 22
13 446 24
14 444 25
15 444 27
16 443 29
17 443 31
18 443 33
19 443 35
20 442 37
21 443 38
22 443 40
24 443 44
25 444 46
26 445 48
27 446 50
28 448 51
29 450 53
30 453 55
31 464 57
32 475 59
33 488 61
34 500 62
35 516 64
36 530 66
37 547 68
38 567 70
39 587 72
40 604 74
41 616 75
42 626 77
43 631 79
44 637 81
45 642 83
46 649 85
47 655 87
48 664 88
49 675 90
50 685 92
51 699 94
52 715 96
53 733 98
54 750 100
